 8192
 0
 16384
 32768
 4096
 20480
 36864
 8192
 24576
 40960
 1024
 17408
 33792
 5120
 21504
 37888
 9216
 25600
 41984
 2048
 18432
 34816
 6144
 22528
 38912
 10240
 26624
 43008
 256
 16640
 33024
 4352
 20736
 37120
 8448
 24832
 41216
 1280
 17664
 34048
 5376
 21760
 38144
 9472
 25856
 42240
 2304
 18688
 35072
 6400
 22784
 39168
 10496
 26880
 43264
 512
 16896
 33280
 4608
 20992
 37376
 8704
 25088
 41472
 1536
 17920
 34304
 5632
 22016
 38400
 9728
 26112
 42496
 2560
 18944
 35328
 6656
 23040
 39424
 10752
 27136
 43520
 64
 16448
 32832
 4160
 20544
 36928
 8256
 24640
 41024
 1088
 17472
 33856
 5184
 21568
 37952
 9280
 25664
 42048
 2112
 18496
 34880
 6208
 22592
 38976
 10304
 26688
 43072
 320
 16704
 33088
 4416
 20800
 37184
 8512
 24896
 41280
 1344
 17728
 34112
 5440
 21824
 38208
 9536
 25920
 42304
 2368
 18752
 35136
 6464
 22848
 39232
 10560
 26944
 43328
 576
 16960
 33344
 4672
 21056
 37440
 8768
 25152
 41536
 1600
 17984
 34368
 5696
 22080
 38464
 9792
 26176
 42560
 2624
 19008
 35392
 6720
 23104
 39488
 10816
 27200
 43584
 128
 16512
 32896
 4224
 20608
 36992
 8320
 24704
 41088
 1152
 17536
 33920
 5248
 21632
 38016
 9344
 25728
 42112
 2176
 18560
 34944
 6272
 22656
 39040
 10368
 26752
 43136
 384
 16768
 33152
 4480
 20864
 37248
 8576
 24960
 41344
 1408
 17792
 34176
 5504
 21888
 38272
 9600
 25984
 42368
 2432
 18816
 35200
 6528
 22912
 39296
 10624
 27008
 43392
 640
 17024
 33408
 4736
 21120
 37504
 8832
 25216
 41600
 1664
 18048
 34432
 5760
 22144
 38528
 9856
 26240
 42624
 2688
 19072
 35456
 6784
 23168
 39552
 10880
 27264
 43648
 16
 16400
 32784
 4112
 20496
 36880
 8208
 24592
 40976
 1040
 17424
 33808
 5136
 21520
 37904
 9232
 25616
 42000
 2064
 18448
 34832
 6160
 22544
 38928
 10256
 26640
 43024
 272
 16656
 33040
 4368
 20752
 37136
 8464
 24848
 41232
 1296
 17680
 34064
 5392
 21776
 38160
 9488
 25872
 42256
 2320
 18704
 35088
 6416
 22800
 39184
 10512
 26896
 43280
 528
 16912
 33296
 4624
 21008
 37392
 8720
 25104
 41488
 1552
 17936
 34320
 5648
 22032
 38416
 9744
 26128
 42512
 2576
 18960
 35344
 6672
 23056
 39440
 10768
 27152
 43536
 80
 16464
 32848
 4176
 20560
 36944
 8272
 24656
 41040
 1104
 17488
 33872
 5200
 21584
 37968
 9296
 25680
 42064
 2128
 18512
 34896
 6224
 22608
 38992
 10320
 26704
 43088
 336
 16720
 33104
 4432
 20816
 37200
 8528
 24912
 41296
 1360
 17744
 34128
 5456
 21840
 38224
 9552
 25936
 42320
 2384
 18768
 35152
 6480
 22864
 39248
 10576
 26960
 43344
 592
 16976
 33360
 4688
 21072
 37456
 8784
 25168
 41552
 1616
 18000
 34384
 5712
 22096
 38480
 9808
 26192
 42576
 2640
 19024
 35408
 6736
 23120
 39504
 10832
 27216
 43600
 144
 16528
 32912
 4240
 20624
 37008
 8336
 24720
 41104
 1168
 17552
 33936
 5264
 21648
 38032
 9360
 25744
 42128
 2192
 18576
 34960
 6288
 22672
 39056
 10384
 26768
 43152
 400
 16784
 33168
 4496
 20880
 37264
 8592
 24976
 41360
 1424
 17808
 34192
 5520
 21904
 38288
 9616
 26000
 42384
 2448
 18832
 35216
 6544
 22928
 39312
 10640
 27024
 43408
 656
 17040
 33424
 4752
 21136
 37520
 8848
 25232
 41616
 1680
 18064
 34448
 5776
 22160
 38544
 9872
 26256
 42640
 2704
 19088
 35472
 6800
 23184
 39568
 10896
 27280
 43664
 32
 16416
 32800
 4128
 20512
 36896
 8224
 24608
 40992
 1056
 17440
 33824
 5152
 21536
 37920
 9248
 25632
 42016
 2080
 18464
 34848
 6176
 22560
 38944
 10272
 26656
 43040
 288
 16672
 33056
 4384
 20768
 37152
 8480
 24864
 41248
 1312
 17696
 34080
 5408
 21792
 38176
 9504
 25888
 42272
 2336
 18720
 35104
 6432
 22816
 39200
 10528
 26912
 43296
 544
 16928
 33312
 4640
 21024
 37408
 8736
 25120
 41504
 1568
 17952
 34336
 5664
 22048
 38432
 9760
 26144
 42528
 2592
 18976
 35360
 6688
 23072
 39456
 10784
 27168
 43552
 96
 16480
 32864
 4192
 20576
 36960
 8288
 24672
 41056
 1120
 17504
 33888
 5216
 21600
 37984
 9312
 25696
 42080
 2144
 18528
 34912
 6240
 22624
 39008
 10336
 26720
 43104
 352
 16736
 33120
 4448
 20832
 37216
 8544
 24928
 41312
 1376
 17760
 34144
 5472
 21856
 38240
 9568
 25952
 42336
 2400
 18784
 35168
 6496
 22880
 39264
 10592
 26976
 43360
 608
 16992
 33376
 4704
 21088
 37472
 8800
 25184
 41568
 1632
 18016
 34400
 5728
 22112
 38496
 9824
 26208
 42592
 2656
 19040
 35424
 6752
 23136
 39520
 10848
 27232
 43616
 160
 16544
 32928
 4256
 20640
 37024
 8352
 24736
 41120
 1184
 17568
 33952
 5280
 21664
 38048
 9376
 25760
 42144
 2208
 18592
 34976
 6304
 22688
 39072
 10400
 26784
 43168
 416
 16800
 33184
 4512
 20896
 37280
 8608
 24992
 41376
 1440
 17824
 34208
 5536
 21920
 38304
 9632
 26016
 42400
 2464
 18848
 35232
 6560
 22944
 39328
 10656
 27040
 43424
 672
 17056
 33440
 4768
 21152
 37536
 8864
 25248
 41632
 1696
 18080
 34464
 5792
 22176
 38560
 9888
 26272
 42656
 2720
 19104
 35488
 6816
 23200
 39584
 10912
 27296
 43680
 4
 16388
 32772
 4100
 20484
 36868
 8196
 24580
 40964
 1028
 17412
 33796
 5124
 21508
 37892
 9220
 25604
 41988
 2052
 18436
 34820
 6148
 22532
 38916
 10244
 26628
 43012
 260
 16644
 33028
 4356
 20740
 37124
 8452
 24836
 41220
 1284
 17668
 34052
 5380
 21764
 38148
 9476
 25860
 42244
 2308
 18692
 35076
 6404
 22788
 39172
 10500
 26884
 43268
 516
 16900
 33284
 4612
 20996
 37380
 8708
 25092
 41476
 1540
 17924
 34308
 5636
 22020
 38404
 9732
 26116
 42500
 2564
 18948
 35332
 6660
 23044
 39428
 10756
 27140
 43524
 68
 16452
 32836
 4164
 20548
 36932
 8260
 24644
 41028
 1092
 17476
 33860
 5188
 21572
 37956
 9284
 25668
 42052
 2116
 18500
 34884
 6212
 22596
 38980
 10308
 26692
 43076
 324
 16708
 33092
 4420
 20804
 37188
 8516
 24900
 41284
 1348
 17732
 34116
 5444
 21828
 38212
 9540
 25924
 42308
 2372
 18756
 35140
 6468
 22852
 39236
 10564
 26948
 43332
 580
 16964
 33348
 4676
 21060
 37444
 8772
 25156
 41540
 1604
 17988
 34372
 5700
 22084
 38468
 9796
 26180
 42564
 2628
 19012
 35396
 6724
 23108
 39492
 10820
 27204
 43588
 132
 16516
 32900
 4228
 20612
 36996
 8324
 24708
 41092
 1156
 17540
 33924
 5252
 21636
 38020
 9348
 25732
 42116
 2180
 18564
 34948
 6276
 22660
 39044
 10372
 26756
 43140
 388
 16772
 33156
 4484
 20868
 37252
 8580
 24964
 41348
 1412
 17796
 34180
 5508
 21892
 38276
 9604
 25988
 42372
 2436
 18820
 35204
 6532
 22916
 39300
 10628
 27012
 43396
 644
 17028
 33412
 4740
 21124
 37508
 8836
 25220
 41604
 1668
 18052
 34436
 5764
 22148
 38532
 9860
 26244
 42628
 2692
 19076
 35460
 6788
 23172
 39556
 10884
 27268
 43652
 20
 16404
 32788
 4116
 20500
 36884
 8212
 24596
 40980
 1044
 17428
 33812
 5140
 21524
 37908
 9236
 25620
 42004
 2068
 18452
 34836
 6164
 22548
 38932
 10260
 26644
 43028
 276
 16660
 33044
 4372
 20756
 37140
 8468
 24852
 41236
 1300
 17684
 34068
 5396
 21780
 38164
 9492
 25876
 42260
 2324
 18708
 35092
 6420
 22804
 39188
 10516
 26900
 43284
 532
 16916
 33300
 4628
 21012
 37396
 8724
 25108
 41492
 1556
 17940
 34324
 5652
 22036
 38420
 9748
 26132
 42516
 2580
 18964
 35348
 6676
 23060
 39444
 10772
 27156
 43540
 84
 16468
 32852
 4180
 20564
 36948
 8276
 24660
 41044
 1108
 17492
 33876
 5204
 21588
 37972
 9300
 25684
 42068
 2132
 18516
 34900
 6228
 22612
 38996
 10324
 26708
 43092
 340
 16724
 33108
 4436
 20820
 37204
 8532
 24916
 41300
 1364
 17748
 34132
 5460
 21844
 38228
 9556
 25940
 42324
 2388
 18772
 35156
 6484
 22868
 39252
 10580
 26964
 43348
 596
 16980
 33364
 4692
 21076
 37460
 8788
 25172
 41556
 1620
 18004
 34388
 5716
 22100
 38484
 9812
 26196
 42580
 2644
 19028
 35412
 6740
 23124
 39508
 10836
 27220
 43604
 148
 16532
 32916
 4244
 20628
 37012
 8340
 24724
 41108
 1172
 17556
 33940
 5268
 21652
 38036
 9364
 25748
 42132
 2196
 18580
 34964
 6292
 22676
 39060
 10388
 26772
 43156
 404
 16788
 33172
 4500
 20884
 37268
 8596
 24980
 41364
 1428
 17812
 34196
 5524
 21908
 38292
 9620
 26004
 42388
 2452
 18836
 35220
 6548
 22932
 39316
 10644
 27028
 43412
 660
 17044
 33428
 4756
 21140
 37524
 8852
 25236
 41620
 1684
 18068
 34452
 5780
 22164
 38548
 9876
 26260
 42644
 2708
 19092
 35476
 6804
 23188
 39572
 10900
 27284
 43668
 36
 16420
 32804
 4132
 20516
 36900
 8228
 24612
 40996
 1060
 17444
 33828
 5156
 21540
 37924
 9252
 25636
 42020
 2084
 18468
 34852
 6180
 22564
 38948
 10276
 26660
 43044
 292
 16676
 33060
 4388
 20772
 37156
 8484
 24868
 41252
 1316
 17700
 34084
 5412
 21796
 38180
 9508
 25892
 42276
 2340
 18724
 35108
 6436
 22820
 39204
 10532
 26916
 43300
 548
 16932
 33316
 4644
 21028
 37412
 8740
 25124
 41508
 1572
 17956
 34340
 5668
 22052
 38436
 9764
 26148
 42532
 2596
 18980
 35364
 6692
 23076
 39460
 10788
 27172
 43556
 100
 16484
 32868
 4196
 20580
 36964
 8292
 24676
 41060
 1124
 17508
 33892
 5220
 21604
 37988
 9316
 25700
 42084
 2148
 18532
 34916
 6244
 22628
 39012
 10340
 26724
 43108
 356
 16740
 33124
 4452
 20836
 37220
 8548
 24932
 41316
 1380
 17764
 34148
 5476
 21860
 38244
 9572
 25956
 42340
 2404
 18788
 35172
 6500
 22884
 39268
 10596
 26980
 43364
 612
 16996
 33380
 4708
 21092
 37476
 8804
 25188
 41572
 1636
 18020
 34404
 5732
 22116
 38500
 9828
 26212
 42596
 2660
 19044
 35428
 6756
 23140
 39524
 10852
 27236
 43620
 164
 16548
 32932
 4260
 20644
 37028
 8356
 24740
 41124
 1188
 17572
 33956
 5284
 21668
 38052
 9380
 25764
 42148
 2212
 18596
 34980
 6308
 22692
 39076
 10404
 26788
 43172
 420
 16804
 33188
 4516
 20900
 37284
 8612
 24996
 41380
 1444
 17828
 34212
 5540
 21924
 38308
 9636
 26020
 42404
 2468
 18852
 35236
 6564
 22948
 39332
 10660
 27044
 43428
 676
 17060
 33444
 4772
 21156
 37540
 8868
 25252
 41636
 1700
 18084
 34468
 5796
 22180
 38564
 9892
 26276
 42660
 2724
 19108
 35492
 6820
 23204
 39588
 10916
 27300
 43684
 8
 16392
 32776
 4104
 20488
 36872
 8200
 24584
 40968
 1032
 17416
 33800
 5128
 21512
 37896
 9224
 25608
 41992
 2056
 18440
 34824
 6152
 22536
 38920
 10248
 26632
 43016
 264
 16648
 33032
 4360
 20744
 37128
 8456
 24840
 41224
 1288
 17672
 34056
 5384
 21768
 38152
 9480
 25864
 42248
 2312
 18696
 35080
 6408
 22792
 39176
 10504
 26888
 43272
 520
 16904
 33288
 4616
 21000
 37384
 8712
 25096
 41480
 1544
 17928
 34312
 5640
 22024
 38408
 9736
 26120
 42504
 2568
 18952
 35336
 6664
 23048
 39432
 10760
 27144
 43528
 72
 16456
 32840
 4168
 20552
 36936
 8264
 24648
 41032
 1096
 17480
 33864
 5192
 21576
 37960
 9288
 25672
 42056
 2120
 18504
 34888
 6216
 22600
 38984
 10312
 26696
 43080
 328
 16712
 33096
 4424
 20808
 37192
 8520
 24904
 41288
 1352
 17736
 34120
 5448
 21832
 38216
 9544
 25928
 42312
 2376
 18760
 35144
 6472
 22856
 39240
 10568
 26952
 43336
 584
 16968
 33352
 4680
 21064
 37448
 8776
 25160
 41544
 1608
 17992
 34376
 5704
 22088
 38472
 9800
 26184
 42568
 2632
 19016
 35400
 6728
 23112
 39496
 10824
 27208
 43592
 136
 16520
 32904
 4232
 20616
 37000
 8328
 24712
 41096
 1160
 17544
 33928
 5256
 21640
 38024
 9352
 25736
 42120
 2184
 18568
 34952
 6280
 22664
 39048
 10376
 26760
 43144
 392
 16776
 33160
 4488
 20872
 37256
 8584
 24968
 41352
 1416
 17800
 34184
 5512
 21896
 38280
 9608
 25992
 42376
 2440
 18824
 35208
 6536
 22920
 39304
 10632
 27016
 43400
 648
 17032
 33416
 4744
 21128
 37512
 8840
 25224
 41608
 1672
 18056
 34440
 5768
 22152
 38536
 9864
 26248
 42632
 2696
 19080
 35464
 6792
 23176
 39560
 10888
 27272
 43656
 24
 16408
 32792
 4120
 20504
 36888
 8216
 24600
 40984
 1048
 17432
 33816
 5144
 21528
 37912
 9240
 25624
 42008
 2072
 18456
 34840
 6168
 22552
 38936
 10264
 26648
 43032
 280
 16664
 33048
 4376
 20760
 37144
 8472
 24856
 41240
 1304
 17688
 34072
 5400
 21784
 38168
 9496
 25880
 42264
 2328
 18712
 35096
 6424
 22808
 39192
 10520
 26904
 43288
 536
 16920
 33304
 4632
 21016
 37400
 8728
 25112
 41496
 1560
 17944
 34328
 5656
 22040
 38424
 9752
 26136
 42520
 2584
 18968
 35352
 6680
 23064
 39448
 10776
 27160
 43544
 88
 16472
 32856
 4184
 20568
 36952
 8280
 24664
 41048
 1112
 17496
 33880
 5208
 21592
 37976
 9304
 25688
 42072
 2136
 18520
 34904
 6232
 22616
 39000
 10328
 26712
 43096
 344
 16728
 33112
 4440
 20824
 37208
 8536
 24920
 41304
 1368
 17752
 34136
 5464
 21848
 38232
 9560
 25944
 42328
 2392
 18776
 35160
 6488
 22872
 39256
 10584
 26968
 43352
 600
 16984
 33368
 4696
 21080
 37464
 8792
 25176
 41560
 1624
 18008
 34392
 5720
 22104
 38488
 9816
 26200
 42584
 2648
 19032
 35416
 6744
 23128
 39512
 10840
 27224
 43608
 152
 16536
 32920
 4248
 20632
 37016
 8344
 24728
 41112
 1176
 17560
 33944
 5272
 21656
 38040
 9368
 25752
 42136
 2200
 18584
 34968
 6296
 22680
 39064
 10392
 26776
 43160
 408
 16792
 33176
 4504
 20888
 37272
 8600
 24984
 41368
 1432
 17816
 34200
 5528
 21912
 38296
 9624
 26008
 42392
 2456
 18840
 35224
 6552
 22936
 39320
 10648
 27032
 43416
 664
 17048
 33432
 4760
 21144
 37528
 8856
 25240
 41624
 1688
 18072
 34456
 5784
 22168
 38552
 9880
 26264
 42648
 2712
 19096
 35480
 6808
 23192
 39576
 10904
 27288
 43672
 40
 16424
 32808
 4136
 20520
 36904
 8232
 24616
 41000
 1064
 17448
 33832
 5160
 21544
 37928
 9256
 25640
 42024
 2088
 18472
 34856
 6184
 22568
 38952
 10280
 26664
 43048
 296
 16680
 33064
 4392
 20776
 37160
 8488
 24872
 41256
 1320
 17704
 34088
 5416
 21800
 38184
 9512
 25896
 42280
 2344
 18728
 35112
 6440
 22824
 39208
 10536
 26920
 43304
 552
 16936
 33320
 4648
 21032
 37416
 8744
 25128
 41512
 1576
 17960
 34344
 5672
 22056
 38440
 9768
 26152
 42536
 2600
 18984
 35368
 6696
 23080
 39464
 10792
 27176
 43560
 104
 16488
 32872
 4200
 20584
 36968
 8296
 24680
 41064
 1128
 17512
 33896
 5224
 21608
 37992
 9320
 25704
 42088
 2152
 18536
 34920
 6248
 22632
 39016
 10344
 26728
 43112
 360
 16744
 33128
 4456
 20840
 37224
 8552
 24936
 41320
 1384
 17768
 34152
 5480
 21864
 38248
 9576
 25960
 42344
 2408
 18792
 35176
 6504
 22888
 39272
 10600
 26984
 43368
 616
 17000
 33384
 4712
 21096
 37480
 8808
 25192
 41576
 1640
 18024
 34408
 5736
 22120
 38504
 9832
 26216
 42600
 2664
 19048
 35432
 6760
 23144
 39528
 10856
 27240
 43624
 168
 16552
 32936
 4264
 20648
 37032
 8360
 24744
 41128
 1192
 17576
 33960
 5288
 21672
 38056
 9384
 25768
 42152
 2216
 18600
 34984
 6312
 22696
 39080
 10408
 26792
 43176
 424
 16808
 33192
 4520
 20904
 37288
 8616
 25000
 41384
 1448
 17832
 34216
 5544
 21928
 38312
 9640
 26024
 42408
 2472
 18856
 35240
 6568
 22952
 39336
 10664
 27048
 43432
 680
 17064
 33448
 4776
 21160
 37544
 8872
 25256
 41640
 1704
 18088
 34472
 5800
 22184
 38568
 9896
 26280
 42664
 2728
 19112
 35496
 6824
 23208
 39592
 10920
 27304
 43688
 1
 16385
 32769
 4097
 20481
 36865
 8193
 24577
 40961
 1025
 17409
 33793
 5121
 21505
 37889
 9217
 25601
 41985
 2049
 18433
 34817
 6145
 22529
 38913
 10241
 26625
 43009
 257
 16641
 33025
 4353
 20737
 37121
 8449
 24833
 41217
 1281
 17665
 34049
 5377
 21761
 38145
 9473
 25857
 42241
 2305
 18689
 35073
 6401
 22785
 39169
 10497
 26881
 43265
 513
 16897
 33281
 4609
 20993
 37377
 8705
 25089
 41473
 1537
 17921
 34305
 5633
 22017
 38401
 9729
 26113
 42497
 2561
 18945
 35329
 6657
 23041
 39425
 10753
 27137
 43521
 65
 16449
 32833
 4161
 20545
 36929
 8257
 24641
 41025
 1089
 17473
 33857
 5185
 21569
 37953
 9281
 25665
 42049
 2113
 18497
 34881
 6209
 22593
 38977
 10305
 26689
 43073
 321
 16705
 33089
 4417
 20801
 37185
 8513
 24897
 41281
 1345
 17729
 34113
 5441
 21825
 38209
 9537
 25921
 42305
 2369
 18753
 35137
 6465
 22849
 39233
 10561
 26945
 43329
 577
 16961
 33345
 4673
 21057
 37441
 8769
 25153
 41537
 1601
 17985
 34369
 5697
 22081
 38465
 9793
 26177
 42561
 2625
 19009
 35393
 6721
 23105
 39489
 10817
 27201
 43585
 129
 16513
 32897
 4225
 20609
 36993
 8321
 24705
 41089
 1153
 17537
 33921
 5249
 21633
 38017
 9345
 25729
 42113
 2177
 18561
 34945
 6273
 22657
 39041
 10369
 26753
 43137
 385
 16769
 33153
 4481
 20865
 37249
 8577
 24961
 41345
 1409
 17793
 34177
 5505
 21889
 38273
 9601
 25985
 42369
 2433
 18817
 35201
 6529
 22913
 39297
 10625
 27009
 43393
 641
 17025
 33409
 4737
 21121
 37505
 8833
 25217
 41601
 1665
 18049
 34433
 5761
 22145
 38529
 9857
 26241
 42625
 2689
 19073
 35457
 6785
 23169
 39553
 10881
 27265
 43649
 17
 16401
 32785
 4113
 20497
 36881
 8209
 24593
 40977
 1041
 17425
 33809
 5137
 21521
 37905
 9233
 25617
 42001
 2065
 18449
 34833
 6161
 22545
 38929
 10257
 26641
 43025
 273
 16657
 33041
 4369
 20753
 37137
 8465
 24849
 41233
 1297
 17681
 34065
 5393
 21777
 38161
 9489
 25873
 42257
 2321
 18705
 35089
 6417
 22801
 39185
 10513
 26897
 43281
 529
 16913
 33297
 4625
 21009
 37393
 8721
 25105
 41489
 1553
 17937
 34321
 5649
 22033
 38417
 9745
 26129
 42513
 2577
 18961
 35345
 6673
 23057
 39441
 10769
 27153
 43537
 81
 16465
 32849
 4177
 20561
 36945
 8273
 24657
 41041
 1105
 17489
 33873
 5201
 21585
 37969
 9297
 25681
 42065
 2129
 18513
 34897
 6225
 22609
 38993
 10321
 26705
 43089
 337
 16721
 33105
 4433
 20817
 37201
 8529
 24913
 41297
 1361
 17745
 34129
 5457
 21841
 38225
 9553
 25937
 42321
 2385
 18769
 35153
 6481
 22865
 39249
 10577
 26961
 43345
 593
 16977
 33361
 4689
 21073
 37457
 8785
 25169
 41553
 1617
 18001
 34385
 5713
 22097
 38481
 9809
 26193
 42577
 2641
 19025
 35409
 6737
 23121
 39505
 10833
 27217
 43601
 145
 16529
 32913
 4241
 20625
 37009
 8337
 24721
 41105
 1169
 17553
 33937
 5265
 21649
 38033
 9361
 25745
 42129
 2193
 18577
 34961
 6289
 22673
 39057
 10385
 26769
 43153
 401
 16785
 33169
 4497
 20881
 37265
 8593
 24977
 41361
 1425
 17809
 34193
 5521
 21905
 38289
 9617
 26001
 42385
 2449
 18833
 35217
 6545
 22929
 39313
 10641
 27025
 43409
 657
 17041
 33425
 4753
 21137
 37521
 8849
 25233
 41617
 1681
 18065
 34449
 5777
 22161
 38545
 9873
 26257
 42641
 2705
 19089
 35473
 6801
 23185
 39569
 10897
 27281
 43665
 33
 16417
 32801
 4129
 20513
 36897
 8225
 24609
 40993
 1057
 17441
 33825
 5153
 21537
 37921
 9249
 25633
 42017
 2081
 18465
 34849
 6177
 22561
 38945
 10273
 26657
 43041
 289
 16673
 33057
 4385
 20769
 37153
 8481
 24865
 41249
 1313
 17697
 34081
 5409
 21793
 38177
 9505
 25889
 42273
 2337
 18721
 35105
 6433
 22817
 39201
 10529
 26913
 43297
 545
 16929
 33313
 4641
 21025
 37409
 8737
 25121
 41505
 1569
 17953
 34337
 5665
 22049
 38433
 9761
 26145
 42529
 2593
 18977
 35361
 6689
 23073
 39457
 10785
 27169
 43553
 97
 16481
 32865
 4193
 20577
 36961
 8289
 24673
 41057
 1121
 17505
 33889
 5217
 21601
 37985
 9313
 25697
 42081
 2145
 18529
 34913
 6241
 22625
 39009
 10337
 26721
 43105
 353
 16737
 33121
 4449
 20833
 37217
 8545
 24929
 41313
 1377
 17761
 34145
 5473
 21857
 38241
 9569
 25953
 42337
 2401
 18785
 35169
 6497
 22881
 39265
 10593
 26977
 43361
 609
 16993
 33377
 4705
 21089
 37473
 8801
 25185
 41569
 1633
 18017
 34401
 5729
 22113
 38497
 9825
 26209
 42593
 2657
 19041
 35425
 6753
 23137
 39521
 10849
 27233
 43617
 161
 16545
 32929
 4257
 20641
 37025
 8353
 24737
 41121
 1185
 17569
 33953
 5281
 21665
 38049
 9377
 25761
 42145
 2209
 18593
 34977
 6305
 22689
 39073
 10401
 26785
 43169
 417
 16801
 33185
 4513
 20897
 37281
 8609
 24993
 41377
 1441
 17825
 34209
 5537
 21921
 38305
 9633
 26017
 42401
 2465
 18849
 35233
 6561
 22945
 39329
 10657
 27041
 43425
 673
 17057
 33441
 4769
 21153
 37537
 8865
 25249
 41633
 1697
 18081
 34465
 5793
 22177
 38561
 9889
 26273
 42657
 2721
 19105
 35489
 6817
 23201
 39585
 10913
 27297
 43681
 5
 16389
 32773
 4101
 20485
 36869
 8197
 24581
 40965
 1029
 17413
 33797
 5125
 21509
 37893
 9221
 25605
 41989
 2053
 18437
 34821
 6149
 22533
 38917
 10245
 26629
 43013
 261
 16645
 33029
 4357
 20741
 37125
 8453
 24837
 41221
 1285
 17669
 34053
 5381
 21765
 38149
 9477
 25861
 42245
 2309
 18693
 35077
 6405
 22789
 39173
 10501
 26885
 43269
 517
 16901
 33285
 4613
 20997
 37381
 8709
 25093
 41477
 1541
 17925
 34309
 5637
 22021
 38405
 9733
 26117
 42501
 2565
 18949
 35333
 6661
 23045
 39429
 10757
 27141
 43525
 69
 16453
 32837
 4165
 20549
 36933
 8261
 24645
 41029
 1093
 17477
 33861
 5189
 21573
 37957
 9285
 25669
 42053
 2117
 18501
 34885
 6213
 22597
 38981
 10309
 26693
 43077
 325
 16709
 33093
 4421
 20805
 37189
 8517
 24901
 41285
 1349
 17733
 34117
 5445
 21829
 38213
 9541
 25925
 42309
 2373
 18757
 35141
 6469
 22853
 39237
 10565
 26949
 43333
 581
 16965
 33349
 4677
 21061
 37445
 8773
 25157
 41541
 1605
 17989
 34373
 5701
 22085
 38469
 9797
 26181
 42565
 2629
 19013
 35397
 6725
 23109
 39493
 10821
 27205
 43589
 133
 16517
 32901
 4229
 20613
 36997
 8325
 24709
 41093
 1157
 17541
 33925
 5253
 21637
 38021
 9349
 25733
 42117
 2181
 18565
 34949
 6277
 22661
 39045
 10373
 26757
 43141
 389
 16773
 33157
 4485
 20869
 37253
 8581
 24965
 41349
 1413
 17797
 34181
 5509
 21893
 38277
 9605
 25989
 42373
 2437
 18821
 35205
 6533
 22917
 39301
 10629
 27013
 43397
 645
 17029
 33413
 4741
 21125
 37509
 8837
 25221
 41605
 1669
 18053
 34437
 5765
 22149
 38533
 9861
 26245
 42629
 2693
 19077
 35461
 6789
 23173
 39557
 10885
 27269
 43653
 21
 16405
 32789
 4117
 20501
 36885
 8213
 24597
 40981
 1045
 17429
 33813
 5141
 21525
 37909
 9237
 25621
 42005
 2069
 18453
 34837
 6165
 22549
 38933
 10261
 26645
 43029
 277
 16661
 33045
 4373
 20757
 37141
 8469
 24853
 41237
 1301
 17685
 34069
 5397
 21781
 38165
 9493
 25877
 42261
 2325
 18709
 35093
 6421
 22805
 39189
 10517
 26901
 43285
 533
 16917
 33301
 4629
 21013
 37397
 8725
 25109
 41493
 1557
 17941
 34325
 5653
 22037
 38421
 9749
 26133
 42517
 2581
 18965
 35349
 6677
 23061
 39445
 10773
 27157
 43541
 85
 16469
 32853
 4181
 20565
 36949
 8277
 24661
 41045
 1109
 17493
 33877
 5205
 21589
 37973
 9301
 25685
 42069
 2133
 18517
 34901
 6229
 22613
 38997
 10325
 26709
 43093
 341
 16725
 33109
 4437
 20821
 37205
 8533
 24917
 41301
 1365
 17749
 34133
 5461
 21845
 38229
 9557
 25941
 42325
 2389
 18773
 35157
 6485
 22869
 39253
 10581
 26965
 43349
 597
 16981
 33365
 4693
 21077
 37461
 8789
 25173
 41557
 1621
 18005
 34389
 5717
 22101
 38485
 9813
 26197
 42581
 2645
 19029
 35413
 6741
 23125
 39509
 10837
 27221
 43605
 149
 16533
 32917
 4245
 20629
 37013
 8341
 24725
 41109
 1173
 17557
 33941
 5269
 21653
 38037
 9365
 25749
 42133
 2197
 18581
 34965
 6293
 22677
 39061
 10389
 26773
 43157
 405
 16789
 33173
 4501
 20885
 37269
 8597
 24981
 41365
 1429
 17813
 34197
 5525
 21909
 38293
 9621
 26005
 42389
 2453
 18837
 35221
 6549
 22933
 39317
 10645
 27029
 43413
 661
 17045
 33429
 4757
 21141
 37525
 8853
 25237
 41621
 1685
 18069
 34453
 5781
 22165
 38549
 9877
 26261
 42645
 2709
 19093
 35477
 6805
 23189
 39573
 10901
 27285
 43669
 37
 16421
 32805
 4133
 20517
 36901
 8229
 24613
 40997
 1061
 17445
 33829
 5157
 21541
 37925
 9253
 25637
 42021
 2085
 18469
 34853
 6181
 22565
 38949
 10277
 26661
 43045
 293
 16677
 33061
 4389
 20773
 37157
 8485
 24869
 41253
 1317
 17701
 34085
 5413
 21797
 38181
 9509
 25893
 42277
 2341
 18725
 35109
 6437
 22821
 39205
 10533
 26917
 43301
 549
 16933
 33317
 4645
 21029
 37413
 8741
 25125
 41509
 1573
 17957
 34341
 5669
 22053
 38437
 9765
 26149
 42533
 2597
 18981
 35365
 6693
 23077
 39461
 10789
 27173
 43557
 101
 16485
 32869
 4197
 20581
 36965
 8293
 24677
 41061
 1125
 17509
 33893
 5221
 21605
 37989
 9317
 25701
 42085
 2149
 18533
 34917
 6245
 22629
 39013
 10341
 26725
 43109
 357
 16741
 33125
 4453
 20837
 37221
 8549
 24933
 41317
 1381
 17765
 34149
 5477
 21861
 38245
 9573
 25957
 42341
 2405
 18789
 35173
 6501
 22885
 39269
 10597
 26981
 43365
 613
 16997
 33381
 4709
 21093
 37477
 8805
 25189
 41573
 1637
 18021
 34405
 5733
 22117
 38501
 9829
 26213
 42597
 2661
 19045
 35429
 6757
 23141
 39525
 10853
 27237
 43621
 165
 16549
 32933
 4261
 20645
 37029
 8357
 24741
 41125
 1189
 17573
 33957
 5285
 21669
 38053
 9381
 25765
 42149
 2213
 18597
 34981
 6309
 22693
 39077
 10405
 26789
 43173
 421
 16805
 33189
 4517
 20901
 37285
 8613
 24997
 41381
 1445
 17829
 34213
 5541
 21925
 38309
 9637
 26021
 42405
 2469
 18853
 35237
 6565
 22949
 39333
 10661
 27045
 43429
 677
 17061
 33445
 4773
 21157
 37541
 8869
 25253
 41637
 1701
 18085
 34469
 5797
 22181
 38565
 9893
 26277
 42661
 2725
 19109
 35493
 6821
 23205
 39589
 10917
 27301
 43685
 9
 16393
 32777
 4105
 20489
 36873
 8201
 24585
 40969
 1033
 17417
 33801
 5129
 21513
 37897
 9225
 25609
 41993
 2057
 18441
 34825
 6153
 22537
 38921
 10249
 26633
 43017
 265
 16649
 33033
 4361
 20745
 37129
 8457
 24841
 41225
 1289
 17673
 34057
 5385
 21769
 38153
 9481
 25865
 42249
 2313
 18697
 35081
 6409
 22793
 39177
 10505
 26889
 43273
 521
 16905
 33289
 4617
 21001
 37385
 8713
 25097
 41481
 1545
 17929
 34313
 5641
 22025
 38409
 9737
 26121
 42505
 2569
 18953
 35337
 6665
 23049
 39433
 10761
 27145
 43529
 73
 16457
 32841
 4169
 20553
 36937
 8265
 24649
 41033
 1097
 17481
 33865
 5193
 21577
 37961
 9289
 25673
 42057
 2121
 18505
 34889
 6217
 22601
 38985
 10313
 26697
 43081
 329
 16713
 33097
 4425
 20809
 37193
 8521
 24905
 41289
 1353
 17737
 34121
 5449
 21833
 38217
 9545
 25929
 42313
 2377
 18761
 35145
 6473
 22857
 39241
 10569
 26953
 43337
 585
 16969
 33353
 4681
 21065
 37449
 8777
 25161
 41545
 1609
 17993
 34377
 5705
 22089
 38473
 9801
 26185
 42569
 2633
 19017
 35401
 6729
 23113
 39497
 10825
 27209
 43593
 137
 16521
 32905
 4233
 20617
 37001
 8329
 24713
 41097
 1161
 17545
 33929
 5257
 21641
 38025
 9353
 25737
 42121
 2185
 18569
 34953
 6281
 22665
 39049
 10377
 26761
 43145
 393
 16777
 33161
 4489
 20873
 37257
 8585
 24969
 41353
 1417
 17801
 34185
 5513
 21897
 38281
 9609
 25993
 42377
 2441
 18825
 35209
 6537
 22921
 39305
 10633
 27017
 43401
 649
 17033
 33417
 4745
 21129
 37513
 8841
 25225
 41609
 1673
 18057
 34441
 5769
 22153
 38537
 9865
 26249
 42633
 2697
 19081
 35465
 6793
 23177
 39561
 10889
 27273
 43657
 25
 16409
 32793
 4121
 20505
 36889
 8217
 24601
 40985
 1049
 17433
 33817
 5145
 21529
 37913
 9241
 25625
 42009
 2073
 18457
 34841
 6169
 22553
 38937
 10265
 26649
 43033
 281
 16665
 33049
 4377
 20761
 37145
 8473
 24857
 41241
 1305
 17689
 34073
 5401
 21785
 38169
 9497
 25881
 42265
 2329
 18713
 35097
 6425
 22809
 39193
 10521
 26905
 43289
 537
 16921
 33305
 4633
 21017
 37401
 8729
 25113
 41497
 1561
 17945
 34329
 5657
 22041
 38425
 9753
 26137
 42521
 2585
 18969
 35353
 6681
 23065
 39449
 10777
 27161
 43545
 89
 16473
 32857
 4185
 20569
 36953
 8281
 24665
 41049
 1113
 17497
 33881
 5209
 21593
 37977
 9305
 25689
 42073
 2137
 18521
 34905
 6233
 22617
 39001
 10329
 26713
 43097
 345
 16729
 33113
 4441
 20825
 37209
 8537
 24921
 41305
 1369
 17753
 34137
 5465
 21849
 38233
 9561
 25945
 42329
 2393
 18777
 35161
 6489
 22873
 39257
 10585
 26969
 43353
 601
 16985
 33369
 4697
 21081
 37465
 8793
 25177
 41561
 1625
 18009
 34393
 5721
 22105
 38489
 9817
 26201
 42585
 2649
 19033
 35417
 6745
 23129
 39513
 10841
 27225
 43609
 153
 16537
 32921
 4249
 20633
 37017
 8345
 24729
 41113
 1177
 17561
 33945
 5273
 21657
 38041
 9369
 25753
 42137
 2201
 18585
 34969
 6297
 22681
 39065
 10393
 26777
 43161
 409
 16793
 33177
 4505
 20889
 37273
 8601
 24985
 41369
 1433
 17817
 34201
 5529
 21913
 38297
 9625
 26009
 42393
 2457
 18841
 35225
 6553
 22937
 39321
 10649
 27033
 43417
 665
 17049
 33433
 4761
 21145
 37529
 8857
 25241
 41625
 1689
 18073
 34457
 5785
 22169
 38553
 9881
 26265
 42649
 2713
 19097
 35481
 6809
 23193
 39577
 10905
 27289
 43673
 41
 16425
 32809
 4137
 20521
 36905
 8233
 24617
 41001
 1065
 17449
 33833
 5161
 21545
 37929
 9257
 25641
 42025
 2089
 18473
 34857
 6185
 22569
 38953
 10281
 26665
 43049
 297
 16681
 33065
 4393
 20777
 37161
 8489
 24873
 41257
 1321
 17705
 34089
 5417
 21801
 38185
 9513
 25897
 42281
 2345
 18729
 35113
 6441
 22825
 39209
 10537
 26921
 43305
 553
 16937
 33321
 4649
 21033
 37417
 8745
 25129
 41513
 1577
 17961
 34345
 5673
 22057
 38441
 9769
 26153
 42537
 2601
 18985
 35369
 6697
 23081
 39465
 10793
 27177
 43561
 105
 16489
 32873
 4201
 20585
 36969
 8297
 24681
 41065
 1129
 17513
 33897
 5225
 21609
 37993
 9321
 25705
 42089
 2153
 18537
 34921
 6249
 22633
 39017
 10345
 26729
 43113
 361
 16745
 33129
 4457
 20841
 37225
 8553
 24937
 41321
 1385
 17769
 34153
 5481
 21865
 38249
 9577
 25961
 42345
 2409
 18793
 35177
 6505
 22889
 39273
 10601
 26985
 43369
 617
 17001
 33385
 4713
 21097
 37481
 8809
 25193
 41577
 1641
 18025
 34409
 5737
 22121
 38505
 9833
 26217
 42601
 2665
 19049
 35433
 6761
 23145
 39529
 10857
 27241
 43625
 169
 16553
 32937
 4265
 20649
 37033
 8361
 24745
 41129
 1193
 17577
 33961
 5289
 21673
 38057
 9385
 25769
 42153
 2217
 18601
 34985
 6313
 22697
 39081
 10409
 26793
 43177
 425
 16809
 33193
 4521
 20905
 37289
 8617
 25001
 41385
 1449
 17833
 34217
 5545
 21929
 38313
 9641
 26025
 42409
 2473
 18857
 35241
 6569
 22953
 39337
 10665
 27049
 43433
 681
 17065
 33449
 4777
 21161
 37545
 8873
 25257
 41641
 1705
 18089
 34473
 5801
 22185
 38569
 9897
 26281
 42665
 2729
 19113
 35497
 6825
 23209
 39593
 10921
 27305
 43689
 2
 16386
 32770
 4098
 20482
 36866
 8194
 24578
 40962
 1026
 17410
 33794
 5122
 21506
 37890
 9218
 25602
 41986
 2050
 18434
 34818
 6146
 22530
 38914
 10242
 26626
 43010
 258
 16642
 33026
 4354
 20738
 37122
 8450
 24834
 41218
 1282
 17666
 34050
 5378
 21762
 38146
 9474
 25858
 42242
 2306
 18690
 35074
 6402
 22786
 39170
 10498
 26882
 43266
 514
 16898
 33282
 4610
 20994
 37378
 8706
 25090
 41474
 1538
 17922
 34306
 5634
 22018
 38402
 9730
 26114
 42498
 2562
 18946
 35330
 6658
 23042
 39426
 10754
 27138
 43522
 66
 16450
 32834
 4162
 20546
 36930
 8258
 24642
 41026
 1090
 17474
 33858
 5186
 21570
 37954
 9282
 25666
 42050
 2114
 18498
 34882
 6210
 22594
 38978
 10306
 26690
 43074
 322
 16706
 33090
 4418
 20802
 37186
 8514
 24898
 41282
 1346
 17730
 34114
 5442
 21826
 38210
 9538
 25922
 42306
 2370
 18754
 35138
 6466
 22850
 39234
 10562
 26946
 43330
 578
 16962
 33346
 4674
 21058
 37442
 8770
 25154
 41538
 1602
 17986
 34370
 5698
 22082
 38466
 9794
 26178
 42562
 2626
 19010
 35394
 6722
 23106
 39490
 10818
 27202
 43586
 130
 16514
 32898
 4226
 20610
 36994
 8322
 24706
 41090
 1154
 17538
 33922
 5250
 21634
 38018
 9346
 25730
 42114
 2178
 18562
 34946
 6274
 22658
 39042
 10370
 26754
 43138
 386
 16770
 33154
 4482
 20866
 37250
 8578
 24962
 41346
 1410
 17794
 34178
 5506
 21890
 38274
 9602
 25986
 42370
 2434
 18818
 35202
 6530
 22914
 39298
 10626
 27010
 43394
 642
 17026
 33410
 4738
 21122
 37506
 8834
 25218
 41602
 1666
 18050
 34434
 5762
 22146
 38530
 9858
 26242
 42626
 2690
 19074
 35458
 6786
 23170
 39554
 10882
 27266
 43650
 18
 16402
 32786
 4114
 20498
 36882
 8210
 24594
 40978
 1042
 17426
 33810
 5138
 21522
 37906
 9234
 25618
 42002
 2066
 18450
 34834
 6162
 22546
 38930
 10258
 26642
 43026
 274
 16658
 33042
 4370
 20754
 37138
 8466
 24850
 41234
 1298
 17682
 34066
 5394
 21778
 38162
 9490
 25874
 42258
 2322
 18706
 35090
 6418
 22802
 39186
 10514
 26898
 43282
 530
 16914
 33298
 4626
 21010
 37394
 8722
 25106
 41490
 1554
 17938
 34322
 5650
 22034
 38418
 9746
 26130
 42514
 2578
 18962
 35346
 6674
 23058
 39442
 10770
 27154
 43538
 82
 16466
 32850
 4178
 20562
 36946
 8274
 24658
 41042
 1106
 17490
 33874
 5202
 21586
 37970
 9298
 25682
 42066
 2130
 18514
 34898
 6226
 22610
 38994
 10322
 26706
 43090
 338
 16722
 33106
 4434
 20818
 37202
 8530
 24914
 41298
 1362
 17746
 34130
 5458
 21842
 38226
 9554
 25938
 42322
 2386
 18770
 35154
 6482
 22866
 39250
 10578
 26962
 43346
 594
 16978
 33362
 4690
 21074
 37458
 8786
 25170
 41554
 1618
 18002
 34386
 5714
 22098
 38482
 9810
 26194
 42578
 2642
 19026
 35410
 6738
 23122
 39506
 10834
 27218
 43602
 146
 16530
 32914
 4242
 20626
 37010
 8338
 24722
 41106
 1170
 17554
 33938
 5266
 21650
 38034
 9362
 25746
 42130
 2194
 18578
 34962
 6290
 22674
 39058
 10386
 26770
 43154
 402
 16786
 33170
 4498
 20882
 37266
 8594
 24978
 41362
 1426
 17810
 34194
 5522
 21906
 38290
 9618
 26002
 42386
 2450
 18834
 35218
 6546
 22930
 39314
 10642
 27026
 43410
 658
 17042
 33426
 4754
 21138
 37522
 8850
 25234
 41618
 1682
 18066
 34450
 5778
 22162
 38546
 9874
 26258
 42642
 2706
 19090
 35474
 6802
 23186
 39570
 10898
 27282
 43666
 34
 16418
 32802
 4130
 20514
 36898
 8226
 24610
 40994
 1058
 17442
 33826
 5154
 21538
 37922
 9250
 25634
 42018
 2082
 18466
 34850
 6178
 22562
 38946
 10274
 26658
 43042
 290
 16674
 33058
 4386
 20770
 37154
 8482
 24866
 41250
 1314
 17698
 34082
 5410
 21794
 38178
 9506
 25890
 42274
 2338
 18722
 35106
 6434
 22818
 39202
 10530
 26914
 43298
 546
 16930
 33314
 4642
 21026
 37410
 8738
 25122
 41506
 1570
 17954
 34338
 5666
 22050
 38434
 9762
 26146
 42530
 2594
 18978
 35362
 6690
 23074
 39458
 10786
 27170
 43554
 98
 16482
 32866
 4194
 20578
 36962
 8290
 24674
 41058
 1122
 17506
 33890
 5218
 21602
 37986
 9314
 25698
 42082
 2146
 18530
 34914
 6242
 22626
 39010
 10338
 26722
 43106
 354
 16738
 33122
 4450
 20834
 37218
 8546
 24930
 41314
 1378
 17762
 34146
 5474
 21858
 38242
 9570
 25954
 42338
 2402
 18786
 35170
 6498
 22882
 39266
 10594
 26978
 43362
 610
 16994
 33378
 4706
 21090
 37474
 8802
 25186
 41570
 1634
 18018
 34402
 5730
 22114
 38498
 9826
 26210
 42594
 2658
 19042
 35426
 6754
 23138
 39522
 10850
 27234
 43618
 162
 16546
 32930
 4258
 20642
 37026
 8354
 24738
 41122
 1186
 17570
 33954
 5282
 21666
 38050
 9378
 25762
 42146
 2210
 18594
 34978
 6306
 22690
 39074
 10402
 26786
 43170
 418
 16802
 33186
 4514
 20898
 37282
 8610
 24994
 41378
 1442
 17826
 34210
 5538
 21922
 38306
 9634
 26018
 42402
 2466
 18850
 35234
 6562
 22946
 39330
 10658
 27042
 43426
 674
 17058
 33442
 4770
 21154
 37538
 8866
 25250
 41634
 1698
 18082
 34466
 5794
 22178
 38562
 9890
 26274
 42658
 2722
 19106
 35490
 6818
 23202
 39586
 10914
 27298
 43682
 6
 16390
 32774
 4102
 20486
 36870
 8198
 24582
 40966
 1030
 17414
 33798
 5126
 21510
 37894
 9222
 25606
 41990
 2054
 18438
 34822
 6150
 22534
 38918
 10246
 26630
 43014
 262
 16646
 33030
 4358
 20742
 37126
 8454
 24838
 41222
 1286
 17670
 34054
 5382
 21766
 38150
 9478
 25862
 42246
 2310
 18694
 35078
 6406
 22790
 39174
 10502
 26886
 43270
 518
 16902
 33286
 4614
 20998
 37382
 8710
 25094
 41478
 1542
 17926
 34310
 5638
 22022
 38406
 9734
 26118
 42502
 2566
 18950
 35334
 6662
 23046
 39430
 10758
 27142
 43526
 70
 16454
 32838
 4166
 20550
 36934
 8262
 24646
 41030
 1094
 17478
 33862
 5190
 21574
 37958
 9286
 25670
 42054
 2118
 18502
 34886
 6214
 22598
 38982
 10310
 26694
 43078
 326
 16710
 33094
 4422
 20806
 37190
 8518
 24902
 41286
 1350
 17734
 34118
 5446
 21830
 38214
 9542
 25926
 42310
 2374
 18758
 35142
 6470
 22854
 39238
 10566
 26950
 43334
 582
 16966
 33350
 4678
 21062
 37446
 8774
 25158
 41542
 1606
 17990
 34374
 5702
 22086
 38470
 9798
 26182
 42566
 2630
 19014
 35398
 6726
 23110
 39494
 10822
 27206
 43590
 134
 16518
 32902
 4230
 20614
 36998
 8326
 24710
 41094
 1158
 17542
 33926
 5254
 21638
 38022
 9350
 25734
 42118
 2182
 18566
 34950
 6278
 22662
 39046
 10374
 26758
 43142
 390
 16774
 33158
 4486
 20870
 37254
 8582
 24966
 41350
 1414
 17798
 34182
 5510
 21894
 38278
 9606
 25990
 42374
 2438
 18822
 35206
 6534
 22918
 39302
 10630
 27014
 43398
 646
 17030
 33414
 4742
 21126
 37510
 8838
 25222
 41606
 1670
 18054
 34438
 5766
 22150
 38534
 9862
 26246
 42630
 2694
 19078
 35462
 6790
 23174
 39558
 10886
 27270
 43654
 22
 16406
 32790
 4118
 20502
 36886
 8214
 24598
 40982
 1046
 17430
 33814
 5142
 21526
 37910
 9238
 25622
 42006
 2070
 18454
 34838
 6166
 22550
 38934
 10262
 26646
 43030
 278
 16662
 33046
 4374
 20758
 37142
 8470
 24854
 41238
 1302
 17686
 34070
 5398
 21782
 38166
 9494
 25878
 42262
 2326
 18710
 35094
 6422
 22806
 39190
 10518
 26902
 43286
 534
 16918
 33302
 4630
 21014
 37398
 8726
 25110
 41494
 1558
 17942
 34326
 5654
 22038
 38422
 9750
 26134
 42518
 2582
 18966
 35350
 6678
 23062
 39446
 10774
 27158
 43542
 86
 16470
 32854
 4182
 20566
 36950
 8278
 24662
 41046
 1110
 17494
 33878
 5206
 21590
 37974
 9302
 25686
 42070
 2134
 18518
 34902
 6230
 22614
 38998
 10326
 26710
 43094
 342
 16726
 33110
 4438
 20822
 37206
 8534
 24918
 41302
 1366
 17750
 34134
 5462
 21846
 38230
 9558
 25942
 42326
 2390
 18774
 35158
 6486
 22870
 39254
 10582
 26966
 43350
 598
 16982
 33366
 4694
 21078
 37462
 8790
 25174
 41558
 1622
 18006
 34390
 5718
 22102
 38486
 9814
 26198
 42582
 2646
 19030
 35414
 6742
 23126
 39510
 10838
 27222
 43606
 150
 16534
 32918
 4246
 20630
 37014
 8342
 24726
 41110
 1174
 17558
 33942
 5270
 21654
 38038
 9366
 25750
 42134
 2198
 18582
 34966
 6294
 22678
 39062
 10390
 26774
 43158
 406
 16790
 33174
 4502
 20886
 37270
 8598
 24982
 41366
 1430
 17814
 34198
 5526
 21910
 38294
 9622
 26006
 42390
 2454
 18838
 35222
 6550
 22934
 39318
 10646
 27030
 43414
 662
 17046
 33430
 4758
 21142
 37526
 8854
 25238
 41622
 1686
 18070
 34454
 5782
 22166
 38550
 9878
 26262
 42646
 2710
 19094
 35478
 6806
 23190
 39574
 10902
 27286
 43670
 38
 16422
 32806
 4134
 20518
 36902
 8230
 24614
 40998
 1062
 17446
 33830
 5158
 21542
 37926
 9254
 25638
 42022
 2086
 18470
 34854
 6182
 22566
 38950
 10278
 26662
 43046
 294
 16678
 33062
 4390
 20774
 37158
 8486
 24870
 41254
 1318
 17702
 34086
 5414
 21798
 38182
 9510
 25894
 42278
 2342
 18726
 35110
 6438
 22822
 39206
 10534
 26918
 43302
 550
 16934
 33318
 4646
 21030
 37414
 8742
 25126
 41510
 1574
 17958
 34342
 5670
 22054
 38438
 9766
 26150
 42534
 2598
 18982
 35366
 6694
 23078
 39462
 10790
 27174
 43558
 102
 16486
 32870
 4198
 20582
 36966
 8294
 24678
 41062
 1126
 17510
 33894
 5222
 21606
 37990
 9318
 25702
 42086
 2150
 18534
 34918
 6246
 22630
 39014
 10342
 26726
 43110
 358
 16742
 33126
 4454
 20838
 37222
 8550
 24934
 41318
 1382
 17766
 34150
 5478
 21862
 38246
 9574
 25958
 42342
 2406
 18790
 35174
 6502
 22886
 39270
 10598
 26982
 43366
 614
 16998
 33382
 4710
 21094
 37478
 8806
 25190
 41574
 1638
 18022
 34406
 5734
 22118
 38502
 9830
 26214
 42598
 2662
 19046
 35430
 6758
 23142
 39526
 10854
 27238
 43622
 166
 16550
 32934
 4262
 20646
 37030
 8358
 24742
 41126
 1190
 17574
 33958
 5286
 21670
 38054
 9382
 25766
 42150
 2214
 18598
 34982
 6310
 22694
 39078
 10406
 26790
 43174
 422
 16806
 33190
 4518
 20902
 37286
 8614
 24998
 41382
 1446
 17830
 34214
 5542
 21926
 38310
 9638
 26022
 42406
 2470
 18854
 35238
 6566
 22950
 39334
 10662
 27046
 43430
 678
 17062
 33446
 4774
 21158
 37542
 8870
 25254
 41638
 1702
 18086
 34470
 5798
 22182
 38566
 9894
 26278
 42662
 2726
 19110
 35494
 6822
 23206
 39590
 10918
 27302
 43686
 10
 16394
 32778
 4106
 20490
 36874
 8202
 24586
 40970
 1034
 17418
 33802
 5130
 21514
 37898
 9226
 25610
 41994
 2058
 18442
 34826
 6154
 22538
 38922
 10250
 26634
 43018
 266
 16650
 33034
 4362
 20746
 37130
 8458
 24842
 41226
 1290
 17674
 34058
 5386
 21770
 38154
 9482
 25866
 42250
 2314
 18698
 35082
 6410
 22794
 39178
 10506
 26890
 43274
 522
 16906
 33290
 4618
 21002
 37386
 8714
 25098
 41482
 1546
 17930
 34314
 5642
 22026
 38410
 9738
 26122
 42506
 2570
 18954
 35338
 6666
 23050
 39434
 10762
 27146
 43530
 74
 16458
 32842
 4170
 20554
 36938
 8266
 24650
 41034
 1098
 17482
 33866
 5194
 21578
 37962
 9290
 25674
 42058
 2122
 18506
 34890
 6218
 22602
 38986
 10314
 26698
 43082
 330
 16714
 33098
 4426
 20810
 37194
 8522
 24906
 41290
 1354
 17738
 34122
 5450
 21834
 38218
 9546
 25930
 42314
 2378
 18762
 35146
 6474
 22858
 39242
 10570
 26954
 43338
 586
 16970
 33354
 4682
 21066
 37450
 8778
 25162
 41546
 1610
 17994
 34378
 5706
 22090
 38474
 9802
 26186
 42570
 2634
 19018
 35402
 6730
 23114
 39498
 10826
 27210
 43594
 138
 16522
 32906
 4234
 20618
 37002
 8330
 24714
 41098
 1162
 17546
 33930
 5258
 21642
 38026
 9354
 25738
 42122
 2186
 18570
 34954
 6282
 22666
 39050
 10378
 26762
 43146
 394
 16778
 33162
 4490
 20874
 37258
 8586
 24970
 41354
 1418
 17802
 34186
 5514
 21898
 38282
 9610
 25994
 42378
 2442
 18826
 35210
 6538
 22922
 39306
 10634
 27018
 43402
 650
 17034
 33418
 4746
 21130
 37514
 8842
 25226
 41610
 1674
 18058
 34442
 5770
 22154
 38538
 9866
 26250
 42634
 2698
 19082
 35466
 6794
 23178
 39562
 10890
 27274
 43658
 26
 16410
 32794
 4122
 20506
 36890
 8218
 24602
 40986
 1050
 17434
 33818
 5146
 21530
 37914
 9242
 25626
 42010
 2074
 18458
 34842
 6170
 22554
 38938
 10266
 26650
 43034
 282
 16666
 33050
 4378
 20762
 37146
 8474
 24858
 41242
 1306
 17690
 34074
 5402
 21786
 38170
 9498
 25882
 42266
 2330
 18714
 35098
 6426
 22810
 39194
 10522
 26906
 43290
 538
 16922
 33306
 4634
 21018
 37402
 8730
 25114
 41498
 1562
 17946
 34330
 5658
 22042
 38426
 9754
 26138
 42522
 2586
 18970
 35354
 6682
 23066
 39450
 10778
 27162
 43546
 90
 16474
 32858
 4186
 20570
 36954
 8282
 24666
 41050
 1114
 17498
 33882
 5210
 21594
 37978
 9306
 25690
 42074
 2138
 18522
 34906
 6234
 22618
 39002
 10330
 26714
 43098
 346
 16730
 33114
 4442
 20826
 37210
 8538
 24922
 41306
 1370
 17754
 34138
 5466
 21850
 38234
 9562
 25946
 42330
 2394
 18778
 35162
 6490
 22874
 39258
 10586
 26970
 43354
 602
 16986
 33370
 4698
 21082
 37466
 8794
 25178
 41562
 1626
 18010
 34394
 5722
 22106
 38490
 9818
 26202
 42586
 2650
 19034
 35418
 6746
 23130
 39514
 10842
 27226
 43610
 154
 16538
 32922
 4250
 20634
 37018
 8346
 24730
 41114
 1178
 17562
 33946
 5274
 21658
 38042
 9370
 25754
 42138
 2202
 18586
 34970
 6298
 22682
 39066
 10394
 26778
 43162
 410
 16794
 33178
 4506
 20890
 37274
 8602
 24986
 41370
 1434
 17818
 34202
 5530
 21914
 38298
 9626
 26010
 42394
 2458
 18842
 35226
 6554
 22938
 39322
 10650
 27034
 43418
 666
 17050
 33434
 4762
 21146
 37530
 8858
 25242
 41626
 1690
 18074
 34458
 5786
 22170
 38554
 9882
 26266
 42650
 2714
 19098
 35482
 6810
 23194
 39578
 10906
 27290
 43674
 42
 16426
 32810
 4138
 20522
 36906
 8234
 24618
 41002
 1066
 17450
 33834
 5162
 21546
 37930
 9258
 25642
 42026
 2090
 18474
 34858
 6186
 22570
 38954
 10282
 26666
 43050
 298
 16682
 33066
 4394
 20778
 37162
 8490
 24874
 41258
 1322
 17706
 34090
 5418
 21802
 38186
 9514
 25898
 42282
 2346
 18730
 35114
 6442
 22826
 39210
 10538
 26922
 43306
 554
 16938
 33322
 4650
 21034
 37418
 8746
 25130
 41514
 1578
 17962
 34346
 5674
 22058
 38442
 9770
 26154
 42538
 2602
 18986
 35370
 6698
 23082
 39466
 10794
 27178
 43562
 106
 16490
 32874
 4202
 20586
 36970
 8298
 24682
 41066
 1130
 17514
 33898
 5226
 21610
 37994
 9322
 25706
 42090
 2154
 18538
 34922
 6250
 22634
 39018
 10346
 26730
 43114
 362
 16746
 33130
 4458
 20842
 37226
 8554
 24938
 41322
 1386
 17770
 34154
 5482
 21866
 38250
 9578
 25962
 42346
 2410
 18794
 35178
 6506
 22890
 39274
 10602
 26986
 43370
 618
 17002
 33386
 4714
 21098
 37482
 8810
 25194
 41578
 1642
 18026
 34410
 5738
 22122
 38506
 9834
 26218
 42602
 2666
 19050
 35434
 6762
 23146
 39530
 10858
 27242
 43626
 170
 16554
 32938
 4266
 20650
 37034
 8362
 24746
 41130
 1194
 17578
 33962
 5290
 21674
 38058
 9386
 25770
 42154
 2218
 18602
 34986
 6314
 22698
 39082
 10410
 26794
 43178
 426
 16810
 33194
 4522
 20906
 37290
 8618
 25002
 41386
 1450
 17834
 34218
 5546
 21930
 38314
 9642
 26026
 42410
 2474
 18858
 35242
 6570
 22954
 39338
 10666
 27050
 43434
 682
 17066
 33450
 4778
 21162
 37546
 8874
 25258
 41642
 1706
 18090
 34474
 5802
 22186
 38570
 9898
 26282
 42666
 2730
 19114
 35498
 6826
 23210
 39594
 10922
 27306
 43690
0
0
0
0
0
0
0
0
0
0
0
0
0
0
0
0
0
0
0
0
0
0
0
0
0
0
0
0
0
0
0
0
0
0
0
0
0
0
0
0
0
0
0
0
0
0
0
0
0
0
0
0
0
0
0
0
0
0
0
0
0
0
0
0
0
0
0
0
0
0
0
0
0
0
0
0
0
0
0
0
0
0
0
0
0
0
0
0
0
0
0
0
0
0
0
0
0
0
0
0
0
0
0
0
0
0
0
0
0
0
0
0
0
0
0
0
0
0
0
0
0
0
0
0
0
0
0
0
0
0
0
0
0
0
0
0
0
0
0
0
0
0
0
0
0
0
0
0
0
0
0
0
0
0
0
0
0
0
0
0
0
0
0
0
0
0
0
0
0
0
0
0
0
0
0
0
0
0
0
0
0
0
0
0
0
0
0
0
0
0
0
0
0
0
0
0
0
0
0
0
0
0
0
0
0
0
0
0
0
0
0
0
0
0
0
0
0
0
0
0
0
0
0
0
0
0
0
0
0
0
0
0
0
0
0
0
0
0
0
0
0
0
0
0
0
0
0
0
0
0
0
0
0
0
0
0
0
0
0
0
0
0
0
0
0
0
0
0
0
0
0
0
0
0
0
0
0
0
0
0
0
0
0
0
0
0
0
0
0
0
0
0
0
0
0
0
0
0
0
0
0
0
0
0
0
0
0
0
0
0
0
0
0
0
0
0
0
0
0
0
0
0
0
0
0
0
0
0
0
0
0
0
0
0
0
0
0
0
0
0
0
0
0
0
0
0
0
0
0
0
0
0
0
0
0
0
0
0
0
0
0
0
0
0
0
0
0
0
0
0
0
0
0
0
0
0
0
0
0
0
0
0
0
0
0
0
0
0
0
0
0
0
0
0
0
0
0
0
0
0
0
0
0
0
0
0
0
0
0
0
0
0
0
0
0
0
0
0
0
0
0
0
0
0
0
0
0
0
0
0
0
0
0
0
0
0
0
0
0
0
0
0
0
0
0
0
0
0
0
0
0
0
0
0
0
0
0
0
0
0
0
0
0
0
0
0
0
0
0
0
0
0
0
0
0
0
0
0
0
0
0
0
0
0
0
0
0
0
0
0
0
0
0
0
0
0
0
0
0
0
0
0
0
0
0
0
0
0
0
0
0
0
0
0
0
0
0
0
0
0
0
0
0
0
0
0
0
0
0
0
0
0
0
0
0
0
0
0
0
0
0
0
0
0
0
0
0
0
0
0
0
0
0
0
0
0
0
0
0
0
0
0
0
0
0
0
0
0
0
0
0
0
0
0
0
0
0
0
0
0
0
0
0
0
0
0
0
0
0
0
0
0
0
0
0
0
0
0
0
0
0
0
0
0
0
0
0
0
0
0
0
0
0
0
0
0
0
0
0
0
0
0
0
0
0
0
0
0
0
0
0
0
0
0
0
0
0
0
0
0
0
0
0
0
0
0
0
0
0
0
0
0
0
0
0
0
0
0
0
0
0
0
0
0
0
0
0
0
0
0
0
0
0
0
0
0
0
0
0
0
0
0
0
0
0
0
0
0
0
0
0
0
0
0
0
0
0
0
0
0
0
0
0
0
0
0
0
0
0
0
0
0
0
0
0
0
0
0
0
0
0
0
0
0
0
0
0
0
0
0
0
0
0
0
0
0
0
0
0
0
0
0
0
0
0
0
0
0
0
0
0
0
0
0
0
0
0
0
0
0
0
0
0
0
0
0
0
0
0
0
0
0
0
0
0
0
0
0
0
0
0
0
0
0
0
0
0
0
0
0
0
0
0
0
0
0
0
0
0
0
0
0
0
0
0
0
0
0
0
0
0
0
0
0
0
0
0
0
0
0
0
0
0
0
0
0
0
0
0
0
0
0
0
0
0
0
0
0
0
0
0
0
0
0
0
0
0
0
0
0
0
0
0
0
0
0
0
0
0
0
0
0
0
0
0
0
0
0
0
0
0
0
0
0
0
0
0
0
0
0
0
0
0
0
0
0
0
0
0
0
0
0
0
0
0
0
0
0
0
0
0
0
0
0
0
0
0
0
0
0
0
0
0
0
0
0
0
0
0
0
0
0
0
0
0
0
0
0
0
0
0
0
0
0
0
0
0
0
0
0
0
0
0
0
0
0
0
0
0
0
0
0
0
0
0
0
0
0
0
0
0
0
0
0
0
0
0
0
0
0
0
0
0
0
0
0
0
0
0
0
0
0
0
0
0
0
0
0
0
0
0
0
0
0
0
0
0
0
0
0
0
0
0
0
0
0
0
0
0
0
0
0
0
0
0
0
0
0
0
0
0
0
0
0
0
0
0
0
0
0
0
0
0
0
0
0
0
0
0
0
0
0
0
0
0
0
0
0
0
0
0
0
0
0
0
0
0
0
0
0
0
0
0
0
0
0
0
0
0
0
0
0
0
0
0
0
0
0
0
0
0
0
0
0
0
0
0
0
0
0
0
0
0
0
0
0
0
0
0
0
0
0
0
0
0
0
0
0
0
0
0
0
0
0
0
0
0
0
0
0
0
0
0
0
0
0
0
0
0
0
0
0
0
0
0
0
0
0
0
0
0
0
0
0
0
0
0
0
0
0
0
0
0
0
0
0
0
0
0
0
0
0
0
0
0
0
0
0
0
0
0
0
0
0
0
0
0
0
0
0
0
0
0
0
0
0
0
0
0
0
0
0
0
0
0
0
0
0
0
0
0
0
0
0
0
0
0
0
0
0
0
0
0
0
0
0
0
0
0
0
0
0
0
0
0
0
0
0
0
0
0
0
0
0
0
0
0
0
0
0
0
0
0
0
0
0
0
0
0
0
0
0
0
0
0
0
0
0
0
0
0
0
0
0
0
0
0
0
0
0
0
0
0
0
0
0
0
0
0
0
0
0
0
0
0
0
0
0
0
0
0
0
0
0
0
0
0
0
0
0
0
0
0
0
0
0
0
0
0
0
0
0
0
0
0
0
0
0
0
0
0
0
0
0
0
0
0
0
0
0
0
0
0
0
0
0
0
0
0
0
0
0
0
0
0
0
0
0
0
0
0
0
0
0
0
0
0
0
0
0
0
0
0
0
0
0
0
0
0
0
0
0
0
0
0
0
0
0
0
0
0
0
0
0
0
0
0
0
0
0
0
0
0
0
0
0
0
0
0
0
0
0
0
0
0
0
0
0
0
0
0
0
0
0
0
0
0
0
0
0
0
0
0
0
0
0
0
0
0
0
0
0
0
0
0
0
0
0
0
0
0
0
0
0
0
0
0
0
0
0
0
0
0
0
0
0
0
0
0
0
0
0
0
0
0
0
0
0
0
0
0
0
0
0
0
0
0
0
0
0
0
0
0
0
0
0
0
0
0
0
0
0
0
0
0
0
0
0
0
0
0
0
0
0
0
0
0
0
0
0
0
0
0
0
0
0
0
0
0
0
0
0
0
0
0
0
0
0
0
0
0
0
0
0
0
0
0
0
0
0
0
0
0
0
0
0
0
0
0
0
0
0
0
0
0
0
0
0
0
0
0
0
0
0
0
0
0
0
0
0
0
0
0
0
0
0
0
0
0
0
0
0
0
0
0
0
0
0
0
0
0
0
0
0
0
0
0
0
0
0
0
0
0
0
0
0
0
0
0
0
0
0
0
0
0
0
0
0
0
0
0
0
0
0
0
0
0
0
0
0
0
