6561
3451
3894
767
2133
4606
6022
2297
6128
4523
3116
5716
1216
6034
1611
2272
3481
6326
4034
5581
5172
6486
4627
2004
329
776
228
6429
1418
996
6255
167
298
2560
4112
3039
2445
3192
1946
6334
5794
357
1714
1067
303
5668
1805
3285
1988
1508
1938
6011
1731
1442
2305
2653
6100
3187
1698
4921
2739
1045
996
2541
2165
3514
4795
3590
1772
5727
2548
2384
6318
2704
5544
3511
2595
3615
781
5707
4674
2185
6289
214
521
3686
5515
489
1261
3884
6055
6285
4058
1782
1439
5548
3746
1715
724
223
6045
6116
188
3347
6262
1169
3771
2249
1754
1541
2065
3759
3393
4482
3530
5335
2766
5280
5842
4920
571
5981
4086
3133
759
1627
2845
2721
5403
3522
2183
2690
1905
3918
4834
1305
5761
1716
765
1001
763
6347
2200
818
3200
6068
3844
5479
4383
3543
5676
5770
5954
4833
4812
5554
4249
4733
5647
1189
5548
2794
192
1380
4750
1390
4188
1908
1037
1923
1514
1103
5000
5903
2207
6414
2137
1273
796
2296
6121
4240
3987
276
227
4967
2561
1323
2248
818
504
5318
2986
3943
1241
5476
1224
6098
2197
1643
4372
116
2672
5230
1315
1042
5708
5190
2171
4108
648
1083
1996
136
2874
2764
4728
4461
4556
2062
4695
2954
726
1007
3550
2970
5130
125
1552
2272
6523
1021
394
1431
479
2280
1528
3786
1117
2511
1632
1143
6274
331
4107
5050
2087
5259
3740
2017
6413
1232
544
2408
4093
1312
1197
5209
4474
3839
2340
4600
3494
4138
4957
1555
1571
1264
4109
4341
4458
5258
2411
3347
2658
5741
5169
4936
4927
4207
1892
2464
5697
1320
5372
3067
2679
3564
5849
6331
2747
5769
3445
1793
6129
1153
3343
3793
4433
4547
710
2634
2922
5082
4116
2907
4549
4447
2708
3077
6551
6461
3834
5883
2930
6068
2249
6296
572
4788
3160
2030
374
5062
2225
5242
1930
5024
885
6346
1431
5088
6003
4550
1713
3416
1806
2532
5228
4084
315
2270
311
4960
4638
2170
4192
4678
6402
6210
2207
6314
4494
4342
365
4988
2736
4662
5575
4162
1242
2953
3021
5116
3716
5327
4245
218
6081
5202
2851
3385
2375
599
4517
3622
2808
4043
6405
5896
2309
905
4021
1080
5186
5811
3622
1801
2215
671
2932
786
5323
2096
3499
3051
128
2054
24
135
1998
5327
4341
1896
3422
918
5243
827
4127
4226
5751
2306
1144
5461
1683
5240
4251
2370
6308
2304
2070
3658
5483
6197
5375
2429
2030
2041
4712
1438
871
4810
5358
1223
440
3573
3224
1096
1126
2296
4036
4902
1225
4251
2986
564
4483
3293
127
6500
5321
82
4822
3965
5943
4089
1576
4778
5498
5536
5715
1881
2499
1186
354
1205
1592
5476
4470
329
95
2180
3924
1234
5385
798
342
4012
3387
4254
181
2162
725
3013
5845
1924
2429
662
521
3772
3651
6316
606
6054
3690
1332
4331
4461
5618
1349
4206
2914
3713
4922
873
5359
1450
6442
5916
2655
6029
3957
1204
6538
2466
1338
6148
4486
6107
1166
3722
4885
1698
6101
3696
768
4043
5162
3524
5056
4876
4146
1110
6317
1318
585
1629
4653
3094
5298
5941
5536
4783
5685
6238
4753
2332
638
4858
5334
1138
4745
4208
5169
1321
4564
5874
3923
1141
357
1867
3244
935
5364
2648
4245
5673
6524
5927
1721
2290
5017
2320
6140
4143
6525
5477
3159
1195
5230
5306
856
5929
391
5974
2528
1968
585
2614
2092
5322
5968
4251
1842
5531
27
5727
6324
6425
3194
4476
6529
913
2401
3526
5313
1530
1257
1827
6258
4317
2914
4613
674
964
5940
5502
3643
908
138
1369
3033
4710
3102
1831
2713
1084
1768
432
3989
1940
4123
3616
4859
6480
2332
1629
2199
6433
343
6389
3260
2942
2538
6368
3236
1938
3600
2496
6144
1569
2509
3619
1592
3747
947
4844
444
5318
1328
6457
6426
5591
983
5043
203
5818
4531
6104
545
6032
1049
5744
2078
5448
4625
4149
5047
2163
4156
562
2055
5682
4875
2027
5317
4
3511
773
5707
3415
4585
3386
5851
4589
2151
1385
1799
5110
2690
3790
3125
5959
4429
514
531
919
1875
1079
1776
4933
4388
1392
5449
1154
2842
383
622
5105
1204
3722
5277
3086
2014
1164
1245
3691
3418
3636
5320
5511
2967
420
5450
196
2528
5553
3759
3412
4131
930
6448
2940
3917
2195
309
4570
5605
2783
6254
3694
6401
3033
5044
1021
5057
2675
1785
5659
1073
5965
456
3532
3099
578
897
4176
1564
1326
1794
5453
2722
2514
4576
416
1359
618
5338
4307
1106
3556
2537
4801
5109
618
606
2417
4298
367
6118
1340
5030
2446
4560
2736
2837
2723
6440
6303
4057
4817
1303
2555
5925
5442
3383
1032
1949
3052
1456
362
6344
6102
829
1967
4207
3049
1581
2073
1907
4666
1024
4427
5477
4012
409
3481
430
5569
4078
429
5706
5471
1245
5200
4741
5215
5759
1232
1128
3776
4133
5299
2711
3531
5374
1090
3523
4453
3716
5159
4293
6385
3691
2900
3018
2527
1257
2580
3079
2544
6272
1696
5406
3230
2740
2572
678
2745
4621
1138
920
4272
1953
6
211
3387
4659
5510
260
2855
4391
3278
2606
782
391
158
1786
5346
792
3266
1718
470
2884
3065
5121
5661
623
3414
3401
5598
6182
6190
5885
6479
3100
1879
2809
6309
5338
1047
1625
6159
855
1248
913
5778
4087
5950
2388
3485
1095
4542
949
4401
4867
3876
2795
5361
1785
826
3628
2996
3572
4379
3744
2310
4773
5228
5077
1265
326
5554
5961
1079
4124
1240
2097
6181
1977
3453
5753
5276
3444
6421
477
2153
4507
2313
3118
4042
6193
4871
2593
3507
6498
6021
5139
6220
1050
5042
5932
2984
3493
1353
6454
2304
4699
573
2419
1964
2463
3144
332
4008
4296
1235
5898
2862
1099
4068
3953
2922
6102
4594
2882
1901
4337
4625
2891
4364
431
4354
3880
4345
255
6538
4033
1951
1397
3859
72
6191
4244
980
480
4271
1746
4889
601
1597
3106
4181
3045
5493
3021
5087
3022
2432
3428
3593
3449
4486
5929
1
266
6324
385
1217
2937
946
3396
1
3059
1175
6181
6531
1152
5596
3790
373
2
4456
5441
379
6451
2987
4201
2136
5286
2495
237
3878
6133
4055
2940
2208
3489
1572
1395
6538
6032
1667
4225
6093
689
3163
1375
6244
4983
5559
4090
4376
5269
4723
2013
5694
2553
3869
2835
3970
1624
4338
2456
948
2537
4170
1263
4560
1450
1512
2710
3964
832
667
5697
5219
1517
2084
3743
3263
3390
4620
4217
4142
2585
3404
4162
2839
2709
4540
2553
2277
5927
184
2215
6496
914
664
60
4405
4557
3608
1936
4554
4129
1592
4147
3862
2930
4886
5096
3257
1910
3379
278
5133
1053
3424
906
6405
5660
4386
3057
4892
2291
2801
3760
6062
3946
2127
458
351
379
5966
2946
102
5594
678
166
6456
4514
4543
1271
5208
3056
662
6385
2722
666
2793
4879
4586
6247
4623
2644
2183
1263
2375
4493
2886
6072
1281
3008
3471
4049
3349
6142
1165
5883
6098
501
6535
84
4861
3725
917
3123
468
28
5690
3550
3299
5072
4206
3267
4757
4869
5008
207
4993
3285
38
4464
4475
4830
4513
444
1623
4518
4433
3950
1811
2747
6521
5184
3380
674
4029
3916
3506
5088
375
6117
3026
395
831
5139
1517
1952
5783
4780
6467
1673
6538
3518
6307
5603
3174
3061
2830
2920
4194
5245
5438
4706
3288
3506
474
6436
6100
5044
5505
82
4102
5041
3576
5924
4442
4960
4662
118
721
1472
2643
5469
3282
4034
5790
2878
5816
2432
103
5547
5488
3619
2929
4853
2928
3774
4199
5017
5533
3590
4993
770
5633
104
3394
4809
2629
341
4783
1180
6276
1691
2851
1230
5100
5681
971
4803
4549
2233
3916
3344
1626
574
317
5043
592
3784
4113
6201
2342
3902
6333
5675
1132
4868
90
341
1324
803
5958
690
4952
3149
2678
2493
410
1484
2589
3095
5913
2568
2383
2467
1331
3234
612
6231
2925
5623
2914
5475
3069
344
5241
296
6272
39
5206
2232
1682
3978
1539
79
337
6011
121
5016
1661
1265
3381
5219
1210
4302
4562
343
1644
4487
323
5293
3846
3303
253
3253
2682
5820
342
4309
4809
771
5070
2863
5804
3185
317
1346
466
2013
3396
4377
5576
3981
3797
4962
4553
1202
1051
324
2251
6465
5113
4857
5347
5723
3830
1098
3378
947
6282
3352
3668
4347
2362
4627
123
299
1470
4279
4440
2539
6147
1544
4812
4097
6420
4247
1888
2479
1654
2092
108
5516
490
4329
581
471
4770
5309
6026
2689
4094
1337
675
2156
4506
784
3836
3622
2322
6076
6301
4531
1434
5846
3789
3057
290
1058
1738
3877
2873
804
1620
980
982
2401
2546
3591
4851
925
5130
1511
4130
5946
4722
2559
5182
3077
5411
3509
2683
365
6400
3782
2766
2062
2448
5706
3528
4723
3305
3906
2470
1553
2274
5598
4296
447
2386
1102
1946
5783
3625
4761
3380
906
5121
851
1509
5753
1250
5538
2309
1959
4198
5775
6349
1
6500
1530
1017
5346
1281
362
1933
806
2117
2007
6174
6062
5270
4482
3118
1283
6367
4929
2648
607
5547
3918
2513
5391
711
2983
2015
2836
4248
6031
5468
173
3196
3342
3229
545
2295
4377
6472
969
3858
2007
4898
6508
2575
5952
5128
1427
2446
1302
3130
541
5109
484
6238
1859
4641
1582
6430
3373
6538
3705
2325
6306
463
1165
3794
957
1514
597
4476
1781
2556
3510
5500
2919
2060
4664
2446
5717
860
3683
94
2189
4063
3566
817
4784
5821
766
5684
6301
4937
6476
1475
6347
4779
1015
641
6283
3233
4426
10
5077
2844
2397
1515
5016
3405
2535
791
179
4467
4705
3334
3865
4557
4400
499
4182
142
4406
1169
3036
2815
3092
5487
5954
2414
2084
5825
6107
1657
4764
5892
4190
2545
5910
3731
2007
4887
6447
5160
504
5519
770
3626
1284
4423
5385
69
586
1752
2735
5856
3825
6286
1247
2616
5351
1038
1402
2006
1641
5962
5525
6203
2828
745
3771
6185
5601
630
484
5477
6093
1939
1781
3568
3215
3939
455
6324
6016
6212
1053
2737
477
1516
3506
864
5518
4245
2333
945
5081
3082
1734
69
2848
4191
5085
6260
2960
3676
2760
5448
3543
5413
4264
4683
90
1023
4710
5815
2742
6213
4425
5219
5414
2710
717
2663
2497
5969
4732
5149
629
2761
1422
326
4800
4741
5638
2568
6163
2620
5488
4817
6129
2690
3873
5963
1268
1327
3922
4910
396
6479
230
5065
2587
5063
1874
2368
4874
140
1252
5417
5481
5969
378
3611
955
1522
3711
4982
333
5862
5598
883
4032
2534
3521
1299
4309
433
992
1988
6150
4960
401
3095
5778
3766
4807
6028
5708
1800
5915
2663
2808
6055
1735
4059
655
5294
5941
5875
4820
4217
1970
6263
3777
973
3107
961
596
2766
5531
5742
3020
3388
3850
4979
1454
1471
5215
5852
902
4630
3915
1509
5061
679
1741
4394
527
5712
1599
4178
2164
2020
5646
306
5300
3508
4415
308
1688
5983
454
4908
2053
4744
195
6361
909
4213
676
525
6228
3557
2195
5494
2673
3362
1203
4081
872
185
3062
4868
4282
6417
5829
2277
6172
1553
5121
6444
2810
1592
5064
2540
605
4963
6223
2722
3515
1383
3888
2990
742
4292
2164
1577
2725
5139
5009
113
2203
5485
1830
1503
5157
2802
665
4125
615
4622
3439
1445
753
1484
5797
5365
3420
634
3905
3731
6404
1427
6208
4151
4934
5048
6234
5219
5354
1752
3703
4406
838
5086
2354
5303
4541
1156
2950
2365
5436
4317
355
6139
6496
1432
929
2496
2315
6358
5989
428
6310
5300
3981
3571
126
447
4136
1145
149
5097
4469
3713
6506
843
4335
1515
2482
4741
1810
4780
6512
5632
5659
598
1055
942
5711
862
902
3180
6225
1086
5545
1799
838
6141
4921
5344
3142
5448
1774
2448
2709
3100
3923
5449
2903
3315
2470
1241
1737
33
6003
4388
4961
716
4563
1916
3679
296
1124
586
2326
1664
2002
4164
4613
5393
2221
2437
5222
6347
234
4
846
4315
4362
3166
2726
5468
5190
1474
3294
1526
2960
5441
3483
360
493
1483
5668
1129
5109
948
6033
4592
2036
3445
2310
5843
1601
4467
3859
3269
5268
3303
2210
2196
1089
4313
4127
1256
2736
6353
3668
1472
995
4678
1717
5261
2559
1448
4822
5675
1071
5287
6119
188
6058
5922
4628
4343
2404
5820
385
3794
3453
1166
551
3196
3084
6385
3071
1770
4130
5897
2690
2199
1857
6237
644
153
4451
6133
3813
2988
1334
2509
3890
4283
5651
6536
4475
1112
3547
1799
4396
3054
1221
5919
1479
11
953
5379
5431
4201
3084
1289
2024
1852
4305
2717
2398
2351
5604
3040
3553
1064
6537
5895
1360
4410
2810
2850
664
990
5080
6048
3502
4258
5392
5715
2619
3251
2816
1742
6527
2311
1129
2561
5941
294
3228
1318
2820
4939
2199
2704
2766
608
1501
825
2267
4316
5915
5582
1920
6102
2721
6495
6167
1877
4530
2650
2174
5984
3837
2964
4319
1946
6288
412
2747
1957
5143
79
1566
6178
3650
1784
3689
896
2633
2805
5977
3236
347
5240
610
3574
3001
6049
4446
2045
1871
3253
1000
5272
3390
5412
32
3865
4820
397
5200
2887
5154
6444
4539
1556
4556
1820
4973
4215
4672
4162
2178
1121
3332
6524
95
662
623
2243
796
3828
2746
2408
2039
4048
4687
2292
146
426
3606
3998
3510
1747
6429
57
5638
2442
5943
2130
5861
2234
5711
6292
5704
5911
3195
1263
524
1315
1985
3046
3745
3719
3664
1322
3199
2036
2173
69
339
2932
3778
3080
3687
2498
897
4260
3379
2819
4451
2939
1482
1835
4989
4226
6291
3077
3183
286
2521
6447
4699
1019
4168
5528
3838
2236
60
5078
4803
3679
3189
2419
241
4066
2529
2042
2754
5731
1099
5386
2865
4333
2155
6402
192
4655
1274
1070
1125
2429
4548
937
4649
1921
3050
3550
2065
415
6008
4194
2004
5346
1438
3082
2475
923
554
5007
121
773
214
735
5703
205
5743
2210
2195
2214
4632
5479
4887
3323
850
3899
2982
2993
4330
6450
1424
5911
744
4254
5879
3014
5776
4693
2309
2399
364
2712
4510
1660
3438
6541
829
1139
2892
1580
2782
1668
877
2092
2306
3340
2128
6258
4704
4581
215
5655
2891
4448
908
3774
2843
1425
6221
143
5342
2907
491
4024
5459
230
6213
2637
375
4896
4285
6229
1373
1177
4628
4785
2263
3787
3494
5275
3567
3230
3809
6165
6517
4421
6059
5341
4351
911
1610
1337
480
3870
4779
1747
1316
3466
3745
741
5452
1509
1991
1419
2600
1369
5734
322
148
1256
1002
2389
2057
1029
1708
2348
895
615
1628
6037
5185
767
4329
656
4790
3877
1901
2760
1361
192
3006
5406
566
4237
2493
1036
3405
2881
5807
3370
5331
2215
5585
1975
2012
2319
4247
6279
4266
26
3620
4632
3870
2964
359
6423
1802
1897
4589
6403
3709
4414
4706
2439
5302
211
2279
1447
3776
4791
189
3803
3216
3118
2363
5846
2901
1296
6405
869
5931
2506
870
2967
1341
68
3169
1909
862
6425
1051
4961
3918
3247
3488
2617
4608
561
2396
5973
5735
1754
2805
5623
1407
6383
2022
4542
5151
2297
5611
1719
858
5404
13
97
2831
2807
292
5455
4354
1214
2259
1498
2668
2616
2308
2710
6360
4283
3854
4372
1889
5563
5359
4166
5072
2614
1247
3947
4785
4095
3271
2996
402
722
3386
2266
3018
5529
3853
2374
5749
4098
4925
5863
912
4621
4202
1099
3643
4421
1445
4201
2373
1564
6031
363
1825
3820
438
1205
4552
3956
1628
5177
3977
100
3222
2021
5723
4607
2837
2144
1459
2182
897
1908
5048
4479
2121
1964
5731
5216
104
237
3610
6067
114
3054
6537
3427
131
1929
4692
3770
1764
371
2454
1951
5067
5658
6281
997
4187
195
2688
332
4901
3952
1870
1135
1441
5103
1803
5601
6323
6369
5854
3842
3559
1434
4980
4636
341
138
339
262
1475
4251
5575
5804
4777
3868
1358
1572
2211
5966
4277
4506
1298
5465
1926
1080
201
3351
5700
5064
1783
3046
255
1697
0
1883
6115
5667
6279
5510
5333
4319
593
2168
813
29
4197
6322
5743
2340
1585
5692
4296
2942
607
4479
1725
5688
3900
1181
5365
3911
4406
6044
775
3392
1005
5067
4402
4455
2006
1702
2019
2640
3092
5718
2041
2887
4950
4738
2463
2755
304
5399
3651
4013
4578
6091
493
4676
4665
2083
6048
450
3195
3969
3260
3683
6224
2966
5410
852
4864
3418
1878
1010
5750
471
1056
4177
4298
2229
1267
4990
1350
1105
4907
4677
578
3167
4791
5453
3115
1258
5527
353
608
1879
2872
1755
5589
1197
1744
985
1591
2937
510
4507
3238
1362
3583
3922
2864
3529
4105
2675
821
5629
5972
6300
6217
992
3718
5790
4636
4984
982
5912
5836
1052
6012
50
1518
4414
1382
699
2039
1231
4145
860
2262
4010
2440
4935
506
6211
1973
3201
1774
4954
6455
4451
5592
1930
2153
3814
5569
2767
1924
2812
1030
2721
1856
1904
521
4794
5134
675
2968
1407
6439
2898
1851
1218
511
1475
5289
967
2698
1311
4238
6407
6090
3
2681
4118
4771
4654
4660
5136
928
4665
1319
4347
3136
4318
2077
437
1709
2117
5957
6493
4164
1831
620
5065
1348
5305
2284
5225
4406
5839
255
5858
133
5039
5327
3786
2242
3791
1916
125
3654
5467
1364
2176
6551
1113
5066
1828
4877
102
3867
2833
5616
913
6000
5738
4844
3273
2311
5210
4003
2062
1137
4504
359
187
2868
5965
4059
4138
5638
4275
3210
4049
2649
2490
4370
3167
3377
3933
4468
4320
5341
5178
4450
2835
3189
3322
2825
2617
670
5195
5661
703
1088
4149
3052
4756
4537
5070
5408
5737
2117
5157
2468
3809
3092
1573
560
2375
1594
396
3029
3144
4770
4773
6114
2729
1776
2142
4532
969
514
6511
3046
5536
5052
4656
2463
3363
2750
3054
4997
2944
4806
6498
4259
310
3162
5226
6349
1881
75
1682
620
1238
1543
3061
2996
4963
3225
288
5008
2341
2520
4801
5419
6369
1348
5621
2992
4764
2703
1493
1885
5294
4879
4910
4702
2797
4309
993
4679
1870
1605
3927
4686
4900
2773
1441
5409
6222
3418
6541
1481
214
6082
5801
650
4175
1000
5503
4044
4367
4002
5013
6016
6291
5376
3094
2718
1803
1087
6006
6246
1205
2118
4669
4918
3287
4364
3578
5525
4782
59
127
3226
1370
5141
6273
4672
3543
4905
4819
3564
1566
5083
4433
4613
1548
6468
4223
6531
4309
4482
184
5597
2820
3642
4655
2888
1008
2429
3677
6213
6023
6556
5443
5486
3643
1977
212
3611
4100
6371
5371
3136
1138
1377
6196
2978
1972
781
320
3499
907
2290
5183
2931
896
3100
5420
1900
1623
5709
5174
4578
2403
6168
1873
4677
2589
2986
4245
700
5767
2482
5338
5861
3693
4482
6316
4500
4989
5316
5161
3656
5052
5382
2768
252
2529
2407
3216
5120
5476
1025
2667
3456
3045
2715
5440
1151
5125
5531
5256
3698
2884
6495
5205
582
3948
5919
5750
346
2813
5233
3332
2525
4144
5311
1668
3749
5651
5839
3720
4673
6445
2125
5120
619
35
1053
3829
980
5838
2154
2010
5063
1907
1132
4138
3747
1326
1550
197
4298
4418
75
6505
1695
5470
1377
967
5755
2760
6184
3693
612
6518
1280
787
4914
1865
4146
2640
5013
2471
3422
2430
50
3141
572
2425
485
1364
4750
6243
1867
5833
64
5320
4804
242
4752
2956
3630
4063
2537
4755
6032
5802
284
1653
3676
2409
5003
6100
3921
2405
648
2834
5086
4692
3505
655
1230
6036
1480
2423
4821
2319
5190
1371
549
4968
1148
6483
6421
3934
6181
4272
5101
4250
4033
6333
3665
4164
5878
5270
5556
6084
4862
6396
141
2132
395
924
3957
4283
5009
3685
162
6117
2918
4062
5217
5560
2542
6384
568
4353
50
4161
5732
3137
4181
4127
254
4648
2834
1277
4575
1150
624
1589
4247
2861
3006
2657
5768
2746
3547
326
5658
5190
1018
1655
3147
6296
4066
4419
5320
5503
5146
5913
5981
3996
2125
1907
866
1830
1036
2706
3492
3184
1069
5757
3330
5209
4585
5072
4555
2357
4770
2270
2112
4445
64
4375
7
1760
706
3256
6357
1557
2425
2278
4596
987
2436
1034
776
3627
229
3117
992
924
1925
2732
1488
3099
4121
3458
3290
2469
5866
5808
2873
4118
4028
2292
2101
3685
2469
226
3234
4635
2986
262
1848
908
3596
1103
888
2976
494
2847
3641
3814
5187
5105
4313
4207
1443
4413
5786
3446
1140
235
2880
1048
5401
2727
5264
4051
2299
6024
4274
5264
2817
4527
2549
1327
6357
5081
243
740
1325
167
6217
3467
4594
2476
6435
201
4644
3108
5728
1912
4817
678
692
6415
907
1539
1772
6351
2875
3228
289
6561
5364
2709
420
6385
5503
3515
2353
4554
2236
1673
2637
6396
5632
4906
3360
5902
3559
3122
1340
2558
6340
1476
3406
797
5187
827
402
6381
2126
1278
4396
400
2553
3828
2368
4730
5981
2902
3082
575
2184
4027
3349
2775
1484
5312
2533
181
4572
350
3534
3433
5320
6034
4489
4687
804
6462
2610
1453
2855
3525
4719
6258
2999
3182
5284
3218
2758
4908
1436
4938
5227
42
42
2524
2262
1395
4484
2910
1466
4264
1934
1049
2725
908
899
5909
2629
3947
1112
4445
6459
2895
2180
777
314
2172
2514
751
5332
663
1088
3574
855
900
2865
3149
6224
5540
3863
4970
370
2425
6011
1012
3240
4165
5805
1348
5315
5440
3316
3246
2225
2849
917
1078
4227
2238
3955
1493
1529
5350
4219
1024
6474
4106
4604
164
2090
1396
4971
4147
5581
5660
4412
2455
2479
4749
3356
2431
2004
6246
795
78
4900
1609
1002
810
153
6200
4187
6082
5840
3109
6484
615
1155
4184
769
3276
2538
3304
5624
3056
2785
6531
5859
3215
5559
4266
2007
2986
4844
3330
3000
4976
700
2067
1012
4729
2784
3952
978
1525
1598
1289
4961
5442
267
4577
6537
2046
1660
3407
5041
212
4203
4547
430
5369
6229
5649
1819
4294
1210
2762
1294
1279
2177
5651
714
102
2072
4058
948
5705
4447
3921
4484
794
1751
6338
734
5953
4312
3647
3441
1074
3343
4774
1858
6427
5586
152
4075
3023
5792
3377
6256
5464
1130
1128
2355
2663
951
1928
3405
303
423
3656
3594
2236
118
5054
6207
1876
3772
5806
2878
4390
3472
635
4748
3531
1485
4273
6328
2934
5414
2552
2156
2976
1957
428
306
548
1366
3401
1753
2951
3659
5096
6355
2854
5553
1628
5093
6264
6458
2415
2275
1969
1946
2780
5552
1548
2151
1379
5456
985
5105
31
6451
6250
6044
4941
291
4060
4504
626
6059
1850
2241
4667
6232
6406
1872
106
5955
4043
611
6333
3656
1683
4853
195
5787
6412
580
5353
3642
3298
905
4616
798
5585
4465
4314
5690
699
163
3621
2350
2539
6540
6289
3802
3557
88
3902
5745
6108
3725
6216
806
5007
2068
6539
2969
455
3487
387
1485
808
2514
6032
1226
3975
3638
2206
6468
179
211
5138
3778
4996
4568
619
66
1241
887
3193
1538
2469
2704
6198
3055
5694
5945
6111
3948
1000
388
2151
3279
3952
918
2658
216
3308
5457
465
4581
4497
3870
6122
2944
4402
5188
3211
1190
6296
4482
5737
1194
2519
2486
3763
6016
1647
1684
1013
154
5972
1579
3986
2165
2471
3123
1113
27
6512
2937
5081
6076
2539
2829
5505
1646
6367
1175
4243
1655
5844
2291
4442
3151
4869
2424
6325
2428
4690
5375
2995
1470
720
5568
746
3167
2272
2861
6482
880
131
1962
5918
6379
4031
25
3770
2523
3482
6242
4672
6113
5370
1705
3901
5870
4777
5552
6115
5017
1910
2875
3689
2605
5629
2932
2491
1133
2045
3695
282
5509
2173
3773
141
2492
2105
3575
1553
415
406
4928
4590
5683
3836
6326
4880
1522
3963
1197
5638
1243
3555
1840
6430
863
2356
428
110
332
5392
3766
4970
2050
1317
1574
2474
1547
1744
6268
288
966
2683
6474
5527
680
2351
2354
3503
4553
3870
5293
671
5091
4641
3121
5339
3844
4249
3023
1514
3701
1196
5889
996
4846
4123
5962
1808
6274
3473
552
564
5976
5780
5344
5150
6460
6541
2995
4496
1446
3312
3334
4133
6129
138
1368
363
139
989
5283
2271
5851
2742
2840
6479
290
5331
2907
6175
1557
534
1601
1771
6152
6222
1715
2345
1411
2559
855
4014
2905
3400
3614
1129
1167
1361
3428
6387
1439
2648
4828
547
1113
3427
5087
6014
3835
1928
346
343
6350
6371
261
5651
3125
1924
726
202
1639
3456
5232
3300
5846
3764
4148
5380
212
5337
1608
4680
1266
53
3395
4081
5103
4200
2962
1077
1311
1194
1427
975
334
342
6246
3455
673
5706
5515
1241
4012
5531
1318
3795
4409
4043
2060
3839
60
900
5790
2615
3452
5012
639
4071
2718
5524
4293
6299
6463
1690
2125
2801
4250
6281
1218
2898
1577
1854
62
1197
4302
276
3237
4697
4268
2768
2860
432
2899
269
6423
2689
4793
5617
783
701
1230
2067
6472
4097
808
6338
4240
4835
1195
6421
4020
6004
4853
6203
325
776
5809
2969
125
3561
2734
2473
137
1912
5459
3046
5581
3741
2345
683
1069
1042
2001
4035
4202
129
1898
1328
217
2088
3888
2928
5027
3435
3997
5598
1293
4307
3025
2563
5689
3999
4086
4963
6444
5945
4833
2159
726
4504
6426
3193
20
6171
2517
1757
6455
1415
214
4570
3511
6159
6281
4790
1533
5568
1090
6191
1062
3745
3425
4229
2426
3658
4015
1742
1319
1259
4496
5807
1736
1921
919
35
3751
2505
3760
4495
2973
4778
6267
2519
6083
2291
6296
5332
1946
3246
3391
3657
3194
860
6292
3753
6263
375
3244
4283
100
1387
1376
2910
3293
6383
2094
5163
1181
3815
956
5382
3579
224
3227
2958
3427
3857
574
1281
1567
6048
4577
5879
2346
3267
6177
1550
2018
6300
6332
1119
4120
1585
950
4399
2051
526
4819
5813
4895
880
5473
2335
5799
2727
759
2062
640
1256
18
911
2267
4852
2902
6187
6431
3616
1234
710
6534
3309
3889
4943
583
3813
589
6528
5480
809
340
1518
5254
3890
5030
3105
3974
744
2254
5558
6264
2093
5903
1488
1517
2852
4529
2546
2695
5327
882
6515
5410
4997
3983
4155
2737
91
4146
3128
2314
251
3609
4969
3739
6004
2170
5979
676
5746
3631
1566
384
6279
3173
3434
1184
2169
4713
1439
1975
719
4867
207
400
2284
4571
3677
2136
1560
4630
3866
4510
2425
1193
550
269
919
6292
3140
341
5099
4019
3046
912
217
4511
5232
3339
6354
2495
2255
1036
5409
2405
4950
343
6516
4062
5525
147
5723
4878
1632
6095
3565
6251
5439
6015
2956
3441
1252
2528
1613
3676
2158
5522
643
1000
528
4379
4744
2238
836
2550
6153
409
5806
348
124
6319
629
6423
3429
3911
3357
6525
3386
2868
240
4502
2530
4711
1944
3097
5678
2674
2725
4919
2485
4885
5307
5636
1883
5292
553
3188
5057
5334
5282
3808
5362
6
6526
5935
3743
2297
1967
1706
2016
5515
5845
3756
3478
145
1521
3576
4646
1
3648
3342
3879
3572
5208
3690
1022
6405
1314
5594
1230
1739
5642
5162
6552
3297
1709
5391
4867
4689
544
6369
3971
268
942
3550
3729
577
5012
2789
4007
2403
2393
5967
2923
2571
4679
1299
3226
1886
4088
76
4692
5440
4604
597
3261
548
965
4809
2522
2991
1913
2723
1789
6413
2251
4433
5657
3383
4685
4762
4470
2270
4739
3985
1561
4664
4077
4616
3812
4766
2530
6306
1018
6018
5029
1062
3601
4074
4123
1985
293
1582
2168
4614
145
3777
5206
4092
1353
560
2800
5201
858
2476
4728
2130
1965
5148
5682
1499
4250
2529
4296
1581
3476
3233
2152
2437
2118
5654
2032
6283
426
5685
2235
6246
3426
4581
5140
5794
494
6092
5208
3723
6167
16
1514
4005
935
1540
3737
1593
1474
6105
5280
1049
3172
124
5440
5671
2055
3197
2475
1245
1865
481
3241
170
854
2209
5398
525
514
2148
378
1768
2349
197
3624
1451
3684
5951
2341
3975
3781
5763
6127
3526
2714
1129
4366
1472
3637
5254
2095
1405
627
2019
5169
3450
2956
5334
1615
1987
4464
5426
3076
3801
2502
6328
3310
697
4847
1002
1612
830
894
1250
3950
5636
6163
1845
6481
837
4290
4350
5069
4199
5790
1724
1285
3562
1254
6168
1485
2579
4402
5613
2070
4611
5499
3775
2054
4544
978
1137
2682
5990
6117
2202
2517
324
5116
598
221
3487
381
2181
5376
1998
6316
5915
1440
4835
3519
2655
2704
4392
4426
2326
2685
2175
2908
1032
368
5605
2799
6484
1368
5934
3060
2420
1404
3070
2051
549
5321
4037
3386
949
4701
992
2860
4149
4905
703
6254
146
5605
3907
4239
3832
1782
4574
3969
1638
2943
1977
4632
549
4722
5829
3410
5934
3351
629
899
4166
42
2690
567
4481
5569
493
1182
4440
6530
4052
686
4438
265
2454
2771
3663
4501
5868
218
5798
3211
2536
6358
2940
6016
2365
4195
5657
3905
4807
2305
257
5020
3094
2015
149
425
2647
907
2213
3245
3516
3961
4442
2331
6533
5720
2452
5178
5566
6411
4172
6538
527
6511
3555
4034
1542
2549
2069
1217
1318
1495
6159
3104
592
4285
6434
5672
4386
4058
5874
4699
2413
6229
646
3944
2408
4034
2725
2198
4372
6132
1450
5077
5335
4201
4348
196
5632
4728
1341
6558
4001
4437
137
3462
283
5532
5317
2830
4644
2868
2807
476
6514
2910
1841
5724
4268
1296
556
2285
1672
1253
4487
4502
4664
990
1552
6092
499
3418
1851
6317
4311
1221
4266
420
5611
2520
1133
4484
949
6124
5236
5348
3735
6235
3789
5096
3247
4766
6301
3654
2755
1792
594
884
603
1786
644
383
3094
2406
472
3404
2033
276
761
2316
2881
1937
5003
3589
4955
4398
3089
3686
2077
4086
3367
1228
467
22
1853
2277
4863
5468
2687
3775
5846
283
2198
2592
4579
2895
961
1277
2069
4469
3988
4508
3451
5672
1501
2772
833
1055
914
507
2241
5775
5262
2850
3324
2535
1498
5564
6561
2540
2638
3579
6078
361
5066
4766
1688
6276
3902
2156
4706
5527
6377
5441
5367
2229
1890
4709
5643
1494
546
5905
5457
4941
836
4050
448
2568
581
885
5361
460
2474
2381
61
1838
199
5542
1606
2571
4724
5589
3890
2477
2051
6164
1098
5059
3932
3756
2978
6164
3026
1459
802
3412
3244
3720
1560
2825
1281
714
2432
5350
2210
4443
3552
4242
1196
1555
6153
2805
1130
5445
5709
1924
4288
5538
4766
3669
98
3440
4974
539
3832
3354
4689
2650
2050
2413
3579
3683
5761
5772
4780
6160
4723
6521
978
6501
5794
2984
608
4205
4192
2525
3726
4036
5127
5599
11
926
2090
1596
6256
2265
4570
4253
2931
2148
4365
5728
6526
1445
4882
4351
5617
932
2255
6463
2413
749
2205
4089
3665
4735
5083
4081
6079
3547
1883
1814
39
6171
6401
5262
6394
6051
2522
6514
6520
4373
3922
3088
4235
1834
429
2610
1921
6258
755
755
2365
6214
2166
3238
1601
946
485
3472
5042
5350
3721
4266
476
1067
4831
2517
148
3867
4192
452
882
2190
311
4634
4993
4740
2363
1944
2474
4388
2143
3888
1575
4770
6536
763
5421
2085
3477
4585
5062
4525
2217
2871
5627
1402
3636
3055
1169
6462
648
3463
3809
3032
2879
2489
3160
1680
651
5410
498
6096
1879
6254
2249
228
5170
4073
3754
1789
6258
3421
5130
6191
1066
1678
1799
264
3196
5401
3588
4695
749
3587
3217
3940
1826
3623
1913
573
5836
1399
5299
3860
2426
3895
3254
5984
2669
1339
5508
1037
885
1288
1017
5740
2096
4088
404
676
113
6476
170
4125
2522
1563
6499
5175
2389
2936
3441
6538
1391
5019
4401
4256
5104
3836
2166
1693
4738
1641
4782
957
6360
1921
3118
976
48
4022
5624
2383
2468
2616
505
2851
5752
1065
2466
5274
38
1120
983
5896
866
2904
238
88
5303
1119
2959
4776
4441
4823
977
4519
5688
3806
5901
3360
179
611
5593
1239
2746
73
6376
4675
3293
3613
6355
4273
2654
1123
1432
5911
1315
552
6050
507
2847
2066
4755
1560
932
4205
331
1629
2968
5000
6399
2448
3667
3965
5317
4229
891
5602
243
5025
640
2819
679
4680
4895
3384
4183
1704
5222
80
1135
6534
6494
2735
1101
6199
3175
5528
624
318
561
4940
5172
1032
1914
5947
6175
6048
4695
4077
156
1797
3270
2526
3521
649
1866
5426
2
1568
6204
686
2331
2668
742
1153
6501
4406
3897
5163
5046
1124
892
1617
755
5043
1924
4922
2610
5006
247
6144
241
2375
3001
1304
6202
2803
6035
2385
3915
3435
3600
1362
4876
556
5282
2802
1480
2124
4080
1708
3682
292
5640
6414
3870
5672
6147
4376
6307
1159
5530
4377
5532
2627
2905
1918
2917
6481
2622
1646
394
1265
2039
3074
1507
5850
938
5481
4389
4325
5726
5260
1486
1316
5028
4714
495
408
3761
5515
2936
5898
5321
2602
5719
5613
5823
5661
2155
1421
1078
6375
4197
5200
1480
3035
5500
6219
1098
2303
4927
5889
2472
1734
2764
6175
4134
5513
113
4268
3428
4605
4016
267
132
2070
1267
3211
454
961
4198
3964
3625
1595
32
6202
319
1031
2834
955
6299
460
2978
4077
6198
5207
3875
4128
5841
5752
6028
6493
2510
5134
1498
3839
393
826
1555
5629
6356
4713
5392
5733
6298
5062
4359
2897
1644
2570
4775
571
16
578
774
4105
1212
2447
5513
1936
4145
1906
3528
2015
5813
5038
6463
3923
729
3570
5812
1035
4242
1786
1141
4387
5371
6522
1257
1913
1029
3571
1837
547
5113
1817
4915
6481
1635
725
2627
5439
1259
1836
1865
1207
2392
3073
5744
3436
5617
4346
3414
5317
5702
4326
5346
6467
6096
3533
29
4345
6169
793
2358
4090
5514
890
4335
691
6074
810
3333
4249
1228
4026
4804
2129
1117
5638
1301
3679
3679
3882
4792
6077
426
912
2414
4889
860
2445
17
3177
1235
4845
2087
2869
1745
2653
6496
5487
4764
1211
6322
3885
3662
4831
1840
653
3336
1269
328
3724
5283
5666
5011
5790
2875
3237
5184
31
5192
88
2280
6275
419
4872
2435
4397
5147
6047
4789
6403
264
5388
5382
1182
5231
979
2189
1706
125
16
5053
2871
3016
4746
5052
6445
1166
5192
4796
2567
1039
6461
810
4675
5730
997
1800
4895
5966
6445
1561
4788
2559
3336
2788
1421
6545
1507
3071
1102
6347
891
5957
192
294
5252
1571
3370
1565
5483
3937
1855
2177
2406
2895
1569
2191
1666
4357
6118
4878
2638
4584
2947
547
3755
871
3109
2337
1539
1196
731
6034
5643
4562
5364
5842
6209
6552
1340
2907
6189
1743
5972
1842
1815
104
3643
973
2441
3001
2558
5165
2581
1261
3292
4251
5814
1418
2327
3195
3526
5
5091
5781
2409
3092
4022
3311
3491
1673
615
4230
3073
3269
1420
1965
2426
1585
3800
3167
6483
1209
5786
4290
835
6461
4353
2932
4433
175
3389
1433
6172
6311
1501
1204
6237
3095
5398
4889
124
4467
3347
1939
1135
2503
6499
3481
1044
21
5830
1980
2091
2848
1831
6166
1787
2400
2648
4625
1221
5315
1591
542
2309
2117
3588
709
662
745
1700
5417
4280
3770
2295
5120
3713
5320
3416
5022
5769
6192
266
1797
2531
6089
667
1269
4187
1894
6068
3079
1366
2438
2949
5305
6235
1449
5777
6232
6409
6510
2739
3442
1397
2612
3653
1956
6521
2857
611
350
3323
936
431
4854
2584
6139
1475
951
1118
1643
6304
2675
1437
2023
6519
6508
5757
4325
2854
1313
3898
6186
2320
6526
3783
4551
3269
2850
6093
4268
3338
1461
5101
5487
2235
1381
4287
3639
755
5932
3932
2099
293
763
234
6293
6552
4462
6153
4542
2757
5710
679
2056
2085
4559
256
2239
5197
87
2635
4786
2997
364
2959
3801
919
2678
4338
2623
2233
3738
3509
2661
5852
2158
2764
4385
2362
5702
3865
261
5199
1653
273
1393
4051
5291
4841
4528
6561
1003
684
1489
4239
3368
945
5377
2100
879
2050
4055
1639
4139
1653
4074
1808
5162
1095
279
2786
2663
4969
6483
3085
5393
2581
2255
4637
1133
3166
723
2884
6468
4970
5338
2712
5898
3374
208
127
3438
217
234
401
894
5971
2498
677
5010
1022
4084
4115
1624
6179
1756
2435
5072
4682
5154
949
2774
3116
1099
2421
3344
2119
2062
1742
5302
929
5162
2366
5246
5276
4822
244
4909
98
1734
3790
1933
2905
3018
3450
3937
4998
6485
218
5821
2976
5284
5688
4415
2835
2193
2007
5066
981
6008
2790
770
1600
3972
5823
1963
673
1356
4904
4612
660
305
1773
1472
6550
1781
3899
6501
3303
4128
6410
6174
2452
5771
3305
3250
4378
1232
4314
521
5937
2322
216
4615
6287
676
5414
1049
1746
6454
3507
3505
2790
1683
2800
5162
38
6047
5810
1298
4778
1874
5409
5506
3783
486
4942
978
1565
1708
5776
6059
563
4326
5432
3615
3152
1306
1914
4225
3598
3623
2340
3984
3792
2228
281
6408
6159
1777
3040
1489
3677
1632
6479
4349
3639
3357
4421
2707
3066
102
3558
4592
1469
2669
491
2553
3908
5579
414
4996
2439
3243
6196
684
538
1615
3577
3087
704
4691
4335
3202
6357
736
733
6178
6017
2757
2461
3249
1485
5512
5912
4385
2084
1985
6051
3127
3629
6258
5402
6077
978
5291
1420
5596
2394
2786
1679
2167
2628
724
2467
6485
6441
263
626
5467
1655
763
2460
4149
4162
3881
429
4564
2358
1109
5028
231
911
5389
1586
563
6069
2853
4267
2240
3844
1350
2538
2420
4161
4602
6252
1494
5476
1670
4848
6557
5255
4697
3207
5711
6208
2830
2759
5904
319
1852
4866
961
348
474
2509
3476
4222
4937
5456
5706
6410
5907
3372
1013
5484
2750
1532
2967
2251
1819
5816
2297
3147
6315
6056
4734
5884
3564
1366
5720
3511
111
4062
4979
1466
4271
6042
1938
54
3226
898
6446
896
3224
5129
3590
6274
2518
2023
3275
837
1178
2061
4319
820
343
454
1032
5437
3355
1492
497
5732
2578
3762
2446
4043
3707
2516
4740
4572
5223
4152
3830
391
49
99
3956
3734
250
2215
4311
344
1392
280
4216
5763
4507
957
2339
3650
3529
3313
904
4006
5125
2687
5810
2693
3281
3053
720
2073
4609
5977
1882
5098
4248
37
5057
5225
432
2803
457
